190 -111 -159 -37 -42 -74 -155 -107 -85 -12 -184 -103 -50 -191 168 -77 171 21 -198 -138 -36 -27 -91 -55 76 -52 -112 173 -30 166 66 -106 -18 -105 -118 -79 -182 -192 -54 -33 -63 -8 -19 1
34 -169 -17 -162 -148 197 -84 -83 -56 -167 186 -54 -116 -51 -61 -181 138 -98 -104 -43 -11 -151 -135 -194 -3 -174 100 -164 -173 -93 -166 -5 -145 -161 -124 80 -195 -113 130
52 -114 -49 -96 -163 151 164 -88 -154 126 -162 -142 148 193 -191 152 -136 42 -83 -29 48 -181 -113 -179 -155 -56 -25 -14 -27 99 -7 -103 -4 -122 -109 -86
71 -102 -160 -39 -119 125 -145 -177 -181 -161 -89 88 -55 -141 -196 -23 -115 -148 150 65 -6 -46 -59 47 -100 -32 11 9 -73 -138 97 -8 -24
86 -173 -91 -80 -15 -14 61 -40 -111 -128 -188 -136 -6 114 -195 -8 -3 -65 -177 -31 -160 -152 -75 -169 -132 -2 -175 -87 -83 -162 -81 -104 120 39 -64 -147 -164 -159 -121 33 -32 -74 -88 -69 92 -30 -9
139 -19 -4 -101 -113 -98 -57 -69 -112 -10 -99 -107 67 125 -115 52 -137 -118 -48 -163 -160 141 179 -87 -35 -20 37 167 164 -134 11 -31 -93 -55 -64 -199 -75
53 159 -138 76 -165 -66 -30 -185 -11 -194 -196 -132 -157 -15 -20 -149 -99 -31 -175 -162 161 -131 127 -170 -47 -43 69 -117 109 -160 -96 -104 195 -142 -26 -37 -65 108 -125 -147 -78 181 -21 -55
45 -155 -154 -20 -54 -127 -12 -78 3 182 -130 -61 -44 -107 -24 -22 -83 -65 193 -178 -16 -70 1 -132 144 123 -26 -41 -76 -189 120 -89 -9 -53 -106 -62 -180 137 -174 179 -39
163 -173 -80 -106 -183 -104 -51 -115 156 -50 -179 -125 134 -148 -143 -149 -168 -2 -61 -73 -105 -127 -35 -46 63 -74 140 -133 -32 -30 -159 -49 -194 -7 -181 -88 -70 -135 -187 -87 160 -178 -121 -151 -157 -123 162
9 -41 -81 114 -115 -16 -146 130 -44 -111 174 51 -137 -181 -189 -173 -175 116 -149 -91 -200 -95 -195 -12 127 -145 -129 -164 162 -105 -23 -187 37
65 -35 69 -61 -49 -133 -94 -129 -110 138 -2 -151 -39 -182 -73 126 194 -59 -130 -114 -168 -76 -122 -105 8 -82 -67 -102 -29 -33 -13
52 -154 -37 -104 -148 -47 -106 -59 -86 -138 -27 -135 -174 30 -143 -162 -191 -180 -22 -198 -84 -137 -34 -19 -24 -142 -157 -44 -49 -90 -116 -111 -118 170 -190 -79 -113 -128 108 -10
176 -14 174 148 34 -59 -140 -154 -73 -173 -9 -126 161 -85 -121 127 132 129 -119 -186 156 -197 -16 -81 -89 -153 -84 -1 -79 -83 -149 180 -168 -190 -51 -66 -167 -195 -110 88 -109 -12 199 -53 -54 44 -102 -196 -28 50 -152 64
98 -142 -43 200 -14 -111 -85 -150 -154 -93 -143 104 -94 -16 -65 -77 4 -47 -3 -119 -193 -105 -20 192 -102 49 138 -61 -56 -44 -62 -180 -68 -170 -18 -186 -145 96 -64 -92 -196 -147 66 -127
40 -181 -182 158 -157 -155 -23 -47 172 -104 -163 -120 -148 -177 -188 -144 -22 38 -168 -85 -4 -78 -124 -26 -48 -69 -5 -65 -25 -151 -80 -134 -66 -55 -49 -93 -13 -35 -141 166 -73 -53 1
53 -154 -165 -82 -68 -133 194 48 -41 -103 -113 -89 148 -21 47 142 -179 -34 -104 -59 -28 -162 -176 -181 -88 199 2 -130 -129 -156 -12 -60 -57 131 -58 -161 -169 -51 -49 -128 152 83 -191
2 85 -173 -70 -33 -110 129 -97 144 -106 -72 -196 -121 -49 -190 -160 78 -181 -11 -178 -193 -96 -187 125 -92 -68 -170 -87 -147 -157 50 -163 -3 114 -123 -149 -26 -4 -119 -182
5 -189 175 -105 -78 -174 -60 -68 -147 -172 -137 -19 -93 -25 -15 -100 22 153 17 -26 14 -50 -53 -103 -196 -80 -31 -142 118 143 -1 179 148 -113 167 -191 -97 -117 -69 -4 -65
37 -66 73 -32 -75 -58 -92 -182 -34 143 -122 -138 -65 -17 128 71 16 -144 105 -46 103 170 -200 -24 -190 -188 -39 -146 -60 -54 -172 -106 -153
183 109 -82 -87 16 -74 -62 -13 -186 151 128 -157 -57 -98 -28 -106 -107 -81 -133 97 -69 -76 42 -169 89 54 -149 -75 -184 194 -126 -196 -170 -131 -15 -135 -159
194 -154 -169 -24 -160 -23 75 -99 -193 -102 -65 6 -165 -122 -148 -26 -91 -94 -152 -50 -85 -25 48 -186 -191 -104 -83 -41 -15 -128 -40 -150 145
18 -163 162 -33 -17 -76 -114 -106 -146 -150 8 -180 -132 -187 47 -24 -57 -127 -30 -15 -44 62 -107 182 -66 -54 119 -99 -183 -177 -56 -86 125
51 -121 -137 3 -100 -69 144 -199 -151 -190 -140 -120 1 -180 -50 -21 -55 -157 -10 -175 -118 -186 -41 -61 18 -47 -70 -191 -176 -128 -9 -31 -58 -114 42 -2 -25
197 -144 -99 -175 -70 -58 153 -75 199 -83 -167 -196 -200 -54 -2 -168 -34 -28 20 -31 -63 -43 -191 -198 -30 50 -139 -49 -40 -130 -6 -127 -106 -8 -195 -23 76 -24 -113
15 123 -176 -140 -174 73 -48 -165 -7 -16 197 -12 -46 -8 -115 -118 -56 -13 -52 -69 110 -82 -22 -42 194 -121 72 -28 -151 106 -175 -85 -162 -97 -186 -18 -171 -131 133 -149 -112 -49 -95 -61 134 -137 -136 91 -26 -185 -55
59 -121 45 -110 -98 -190 -68 -14 46 -180 126 -133 -94 -113 63 -145 -60 -198 -75 -7 -62 122 -186 24 -17 -154 -178 149 -93 -10 -99 -185 -47 164 -191 15 -36 -39 -70 -103 -8 -170 97 167 181 5 -127 -13 -3
150 -50 168 1 -70 -122 -194 -190 -21 35 -75 -69 24 -113 -177 102 -147 -30 -184 -196 -79 -94 -143 166 -121 -54 -53 -157 -25 29 -59 -141 -17 -65 -100 -80 -171 -27
94 -12 -81 72 -100 -151 58 -47 -174 -84 -119 131 -88 -186 -48 145 -1 199 -198 57 -64 -63 -148 -195 -184 152 -144 -86 -172 -74 -155 -9 -168 90 -183 -21 -13 -40 -42 193
60 -148 19 -182 -114 -99 -142 175 37 -9 -86 -122 -10 -123 -72 -101 -67 -115 -132 -84 2 -23 170 -176 -96 -173 -55 -33 -140 -180 -98 194
55 -35 -64 -89 -88 -37 -148 -73 -15 -162 68 -187 -141 181 -192 -30 -191 -174 -196 -167 56 154 9 -184 -190 33 173 -163 -70 -145 -78 -62 -7 -43 -144 -3 -99
182 -35 100 -121 -12 -136 -55 -180 -62 -53 -143 195 -160 -185 83 -17 -173 -90 -61 -105 -66 -111 -154 98 -103 70 137 -117 -32 -130 -20 -101 -156 -133 96 -79 48 -193
88 -134 -6 -38 -121 -119 -191 -176 -199 -50 107 -79 -112 -75 -126 -168 30 -183 15 -3 -22 -72 -132 -44 137 -159 -143 -175 -125 -128 -67 184 -54 -1 -17 -47
133 -19 -160 -117 -26 -180 161 155 -28 -189 -43 -55 -198 -15 -104 -7 -74 -179 -190 -46 -158 49 -113 -111 -94 -54 -37 -135 195 -12 -47 5 -58 165 -145 96
191 -42 -89 -16 154 65 -48 45 183 -179 -74 -133 -177 43 -182 -181 -135 187 -88 9 -33 92 -99 -144 -82 -14 -77 -168 175 -108 -124 -162 -7 -142 -91 189 -164 195
198 -146 -23 -114 -125 -171 -70 -34 -58 -186 -187 -7 170 15 154 -117 -159 -5 -84 -27 -85 -167 -29 -86 174 -94 -158 -111 -49 -157 -77 56 -104 -4 -193 -59
113 -170 -14 133 -169 -5 118 184 -8 -106 -12 -11 -57 -159 -27 -165 -156 -19 -127 -22 92 -48 -52 -18 -47 -178 -58 -198 -3 -140 -108 -147 -16 -80 -146 -51 171 -21 -137
23 -179 -158 63 -12 61 -18 -115 -178 -43 -91 149 123 193 -84 -20 42 176 -116 -89 -197 -200 -198 -159 -19 -136 41 -195 -48 -107 -30 -119 -181 101 87 -139 -92 -13 131 -72 -50
191 -96 -136 157 -174 74 -82 -166 -44 -110 60 -42 130 -144 -70 -80 -170 -117 -141 3 -186 -64 -171 -83 -145 -185 151 -137 88 -138 -189 10 4 -8 -187
159 -100 -79 -123 -160 197 -125 -35 -117 -55 -133 -139 -200 -3 177 -170 -32 89 -68 20 76 -64 -21 -84 81 -40 -161 -29 36 -189 -9 -51 -82 -142 -80 111
24 -48 73 -63 175 -90 -22 -108 -18 -83 -30 115 163 194 -81 88 -133 -8 34 -159 -139 -197 -26 -37 67 -118 -150 -3 84 -87 -161 -69 -141 114 137 -20 -93 -72 75 -140
89 149 104 -171 115 -161 -54 2 -66 -28 -68 -12 -180 -38 -83 -189 145 72 -160 122 -13 9 -71 -82 -181 -163 -172 -42 -95 186 200 -120 -55 101 -11 -80 -113 -99 -156 -127 -60 -123 -17 -61 -79 -195 -116 -10 -65 -100
116 -98 -132 -134 -9 -79 162 -99 -159 -160 -64 -103 42 -81 -158 -199 43 -37 102 -89 -73 -87 -77 153 -177 -138 -164 -192 -197
138 -45 -55 40 -108 -91 -164 -117 32 -174 15 -152 114 -70 -159 -170 -44 -197 154 -168 -14 -186 -192 -47 74 -147 -125 -43 96 -99 -104 -76 -66 -46 -87 -155 -148 -92 -121 -13 -119 127 -56
89 -19 -93 -70 -78 -99 69 -25 -60 -101 -118 -2 -9 -174 -112 -169 -153 -175 -136 -150 176 -40 -195 79 187 -145 114 -77 20 -62 160 -18 58 33 -39 -50 -111 86 -31 -16
120 -79 -176 -191 22 -34 90 23 -131 -142 -64 -105 -166 -159 40 -67 -153 -163 -16 -140 -113 -86 -84 -27 -174 -48 -58 98 -50 -195 -85 -198 -70 -52 -128 -56 -137 -81 -44 -130
69 -101 -93 135 -153 -173 112 72 -176 -140 -57 68 -27 179 178 -116 -151 -39 -103 114 -146 -22 -100 -177 -30 -142 -180 -95 -196 138 -42 129 -59 -99 10 -108 -124 -8 171 -110 25
44 -166 -54 -111 -23 -53 43 2 -161 -70 47 -49 -126 37 -110 14 -192 -28 -195 -200 -181 -150 -97 165 -135 -25 -5 -75 -158 -159 -95 -169 -190 -138 -7 -13 -65 197 -100 62 -55 -148 -72 -48 19 -105 -199 -15
40 -188 -58 -36 -139 129 135 -19 -173 47 -105 -98 -89 -90 111 -82 -163 -133 108 -54 -51 -3 -134 -123 -18 -7 67 13 64 -166 -137 155 -174 96 -110 12 -41 -159
56 -87 -149 -59 -48 -47 -113 -121 -125 -51 43 -36 -31 111 -7 159 -110 -24 -75 -38 -166 -26 71 -197 -189 190 -91 143 178 -63 -89 -184 -30 -8 -191 -137 92 -138 -128 -96 -139 -21
192 -1 -34 -134 -169 -50 137 -100 -155 98 -176 -21 -71 -48 -177 2 -103 133 31 -63 -172 84 -91 -92 -138 -109 -87 -42 142 -73 -200 187 -70 -38 -163 -102 -79 -53 -105 44 -131 -126 -75 -114 -62 -30 -46 -94 -64 -4 -174 -13
97 -192 -38 -6 -71 -27 -11 -167 -169 -195 -114 -185 -119 34 18 -42 -33 -20 177 -146 115 -128 -44 186 -21 -156 161 -99 -102 -78 -157 137 -41 130 194
23 -4 -182 -71 -133 -154 -132 -194 170 -187 -58 -178 -14 -199 -35 -175 -134 -8 -195 -13 -80 28 -87 -10 -111 -31 -54 -131 -61 -130 -101 179 -3 -44 171 -33 114 -126 -129 -159 -26
129 3 -7 -60 19 -21 -163 -86 -125 -170 -11 193 -152 -38 121 -120 -80 -92 -23 -6 -18 144 -189 29 -104 -34 130 -56 -47 -85 -134 -64 155 -110 190 -160 -75 115
7 -43 -143 -34 -20 -80 -77 -35 -75 -87 166 -196 178 -101 -172 194 -26 -48 -13 -33 116 189 -110 -124 150 -120 -159 105 -187 -47 44 -131 -2 -176 -199 -22 -86 -8 -85 -24 -104 52 -121 -94 -177 -58 12
168 -191 -162 -158 -144 -102 -174 -119 -37 -99 -66 -97 -45 -118 53 -122 -109 -132 147 -193 70 -16 186 23 -67 -115 -177 -38 63 -64 -87 -10 -5 -82 13 -138
195 -72 30 -59 -66 -29 90 -17 125 177 -106 120 -137 162 -156 -148 63 167 -77 153 -184 11 160 104 -109 -70 -36 -39 -131 -40 -5 -197
161 -26 27 -147 68 69 -21 -145 -15 -98 -92 122 -184 -82 -6 -59 -35 -38 -61 -154 117 -60 -104 -169 -174 -180 -186 -188 -166 -106 -53 -102 -31 -103 -85 -119 -58 -150 -95 -86 -37
97 145 -74 -173 -195 -59 -70 -85 -156 -37 -56 120 15 -150 -14 -4 -65 8 -6 -163 -17 -78 -119 -148 -143 185 -129 -71 134 -135 199 172 90 -69 -67 -179 -35
100 -83 -16 -31 -73 76 -58 -85 -26 -52 -155 -148 164 -181 -141 -28 -197 -59 -88 -67 -118 -200 113 -84 62 -156 -190 -172 -97 75 -53 -42 -178 21
177 -30 -23 -49 -50 -185 87 -104 -111 -33 -78 -132 164 81 71 -186 45 180 -13 -147 144 -133 -101 -182 -176 -77 -48 -113 -108 103 192 -199 27 -143 -61 -155
131 -158 34 45 -177 -178 -115 -65 41 -37 -74 164 -179 -36 -26 -151 168 -79 -18 -166 -23 -119 91 -42 82 -62 61 -156 174 -19 -3 -71 -145 -22 -141 101 -10 -114 28 -98 -21 -17 -96 54 -89
64 -162 -7 -94 -188 -52 -142 33 -87 -44 -91 -103 -3 -127 -26 -138 -15 -148 -66 -192 -146 -50 -80 58 190 -112 -53 -28 -95 132 -189 -153 -129 -151 22 -114 -77 -78 -68 -182 -101
58 61 -111 -166 -131 -81 5 -174 -59 -30 -91 -145 -15 -153 -62 -93 -21 -199 168 -87 -54 -17 78 -191 74 -28 -112 -122 -79 -194 -106 -76 -82 -102 -178 126 -146 172 37 -47 -176 -123
81 -142 -59 -79 191 -55 -165 52 -4 -162 -125 -97 -137 47 -177 44 -157 -66 -147 129 151 -21 -63 -22 134 -16 -161 -145 -111 -26 -43 -168 118 -10 -71 175 -109 -132 -86
149 -4 -104 -126 -94 -199 135 -97 30 -137 -14 -58 -103 -99 -64 -197 -51 -193 -44 -152 -35 -175 -172 -117 -190 -155 -157 -122 150 -198 -61 -180 153 176 -60 -129 -139 -38 -194 134
84 -141 -153 -43 -102 -61 -85 42 -68 -180 -48 -172 -59 104 110 -148 -124 -70 -101 -155 53 -2 -190 -77 133 -178 -200 -192 -65 -127 -34 -16 -44 -170 79
129 -116 -21 -178 -16 97 -193 -103 117 194 92 -108 -197 -182 -186 -150 -28 -30 -66 -49 -63 -73 -123 -85 -127 -84 165 -8 136 -102 -184 -31 190 -181
119 -83 112 -182 -95 -147 -61 -38 -55 -73 -107 -116 -12 47 -139 -44 -49 -136 -9 14 20 -122 168 -68 -123 -127 -162 -130 -174 -79 -89 -97 -37 -34 -85 -35 -144 -52 -190 -199 -99 -178 -7 -142 -140 154 -160 117
33 -196 -10 -98 -141 192 148 -112 -129 -75 -89 61 114 -58 -163 -70 -121 178 -86 -120 -110 -31 -42 -38 90 -87 15 -26 -79 -101 -80 -13 145 -6 -37 -19 -126 -35 -107 -9
156 -180 -23 -4 -141 -101 -7 137 -6 -25 -102 128 -65 -43 195 -140 -12 -182 -126 -81 52 -90 -176 -80 -114 192 149 -109 -117 -148 78 -129 -190 -50 -10 -55 165 93 85 -164
102 72 -190 192 -85 -153 -167 -50 -40 -94 -108 -191 -178 -76 -26 -144 -61 -33 -137 -187 -169 -181 13 -151 -165 -54 -63 197 -143 -112 -156 -140 -81 180 -198 -96 -188 125 -166 -115 -42
167 -72 -69 -54 -61 -152 -145 -66 160 -147 -26 -80 -53 5 -89 -166 -19 170 136 8 150 -194 -73 -187 -198 -36 196 -179 -121 153 35 -192 -18
79 95 -66 68 -152 -12 -118 -109 -33 -18 -22 -43 -189 44 -197 154 -129 -124 -169 67 61 -133 30 -84 -5 -13 -185 -136 -20 -19 -177 -86 1 172 -170 -115 31 -6 113 -81
4 -103 -34 -104 -62 -161 93 -131 -183 -53 -153 -141 75 -123 184 101 -80 -142 -65 167 -68 -159 -49 -118 43 64 7 -85 -112 -180 -187 -105 -72 108 5 -36
183 -166 -75 -83 -49 136 -78 -184 128 25 -37 3 -39 -122 94 -109 -95 -33 126 -124 -85 -57 -118 112 -106 -108 -23 -4
18 -64 87 160 -13 33 -136 -189 -56 -75 -134 -94 -132 -140 -130 161 123 -162 -37 -144 86 -76 -103 -169 -118 -30 16 -187 135 -186 -195 14 -133 -10 -15 -31 45 -89 -173 -71 88 96 -26 -83 -145
154 -198 91 -105 -103 -148 -162 197 -11 -195 -104 142 -63 -80 -70 -141 132 -8 -29 -110 -10 -97 -28 -23 -43 109 -87 9 -153 -59 -33 -137 -176 -92 -151 -157 30 -112 -155 -18 -185 -76
8 -92 -98 -61 123 -183 -182 174 -43 -200 192 21 -153 125 -151 -77 -95 -168 -23 -76 120 109 -119 -186 -83 -5 -160 -60 -26 -171 -122 -79 -140 166 -63 -138 -172 -10 -3 -46 -52 -72 -74 -139 -134 75 -15 73 -105 -42 14
80 -35 40 -138 -199 -6 -143 -144 -178 -43 -139 -70 123 -136 98 5 -135 -83 89 -115 -161 -174 -182 -154 -118 -142 -86 -59 183 -55 -87 -38 -119 -84 -71 -41 -54 -36 -31 -120 -169
74 -190 -89 -23 69 -17 -126 -151 -80 -49 -139 -101 -58 -28 199 -11 -119 183 -111 37 -174 -4 -48 81 -86 -41 -13 -153 -94 -121 73 -40 -9 -50 -83 -20 -98 -162
161 -58 -122 13 -40 -45 -98 -9 -124 74 91 -111 -117 -34 167 -41 -102 -159 -75 -121 -10 -29 -28 -168 -112 106 -81 -50 -71 -49 -171 -157 -16 -174 -173 -148 -97 -125 -150 -199 -140 -185 -113 -46 -79 -4 -196 -78 -129 -155 -193
112 -37 -116 124 149 -21 79 -177 -165 -103 -172 143 32 -194 -54 -27 -35 -6 -171 -63 -85 -61 -74 -174 -47 189 -1 -66 -190 -192 -26 -147 -11 69 104 128 56 -94 -113
182 -111 -156 -187 -81 -19 -122 -173 -116 -3 -34 -1 168 -152 -66 -112 -59 -143 -110 -177 -134 20 -71 -23 -6 -200 -48 -98 -165 -76 -82 -118 -114 -119 -154 -14 -130 -178 -99 -92 -90 52 -40 -18 -2 -73 -31 -157
164 -167 -43 -38 -51 -128 -74 -89 -174 -87 -29 -39 -152 71 60 -200 -85 -82 -120 -22 -14 -138 -188 -142 -67 -183 -4
175 -137 -63 -117 -173 -180 -127 -40 -164 155 -195 17 -37 -131 138 -159 -4 -122 10 -72 59 5 -132 103 -52 -197 -69 -76 -7 154 -39 -148 -181 -163 -120 -23 -139 -71 -160 65 94 -121 -34
31 -178 138 -104 40 128 -77 -107 196 -100 -167 -125 36 -44 -93 -169 -149 90 166 -114 27 -164 -72 193 -30 -10 -67 170 -119 142 87 183 -81 -70 4 -37 -48 -43 158 -163 -179 -173 29 -139 -86 -112
118 -199 -188 -183 -63 -16 -107 68 -13 194 14 -97 -113 -176 -177 -159 28 -62 139 89 -134 19 94 -29 -34 51 -59 2 -84 -117 -76 -114 -21 -179 -1 -64 -20 -37 -96 195 -43 -42 144 -175 187 -18
92 -52 -133 -100 125 -55 -177 -123 -106 -86 -31 -192 -95 -75 -109 -146 -23 -93 -155 -64 -197 -50 38 -10 -94 -166 185 -137 -7 -149 -156 -141 -151 -195
42 -58 -37 -191 33 -91 -186 -54 -52 -173 -172 -151 -161 -107 -5 -15 87 -169 -17 -176 -145 -2 -90 -44 -40 122 -14 149 -121 -199 -85 -6 -3 -8 -180 -39 63 179 -77 -11 -123
87 -51 -167 111 -112 -132 -103 -92 -65 -192 -146 -29 -3 -168 -147 -141 -54 -180 -5 -48 -101 165 -39 -195 -158 166 -52 -188 -126 -19 -108 134 -181 -156 -26 -72 -149 -24 -105 -34 -55 80 -4 40
197 -163 -53 -125 -198 -145 -138 -188 -16 -152 -141 52 -174 -116 -6 -148 -101 -113 -112 -131 128 -28 -71 67 -50 -189 -79 -1 -75 -151 -108 -170 -107 -106 -21 24 -124 -114 117 58 -41 -11 161 -51 72
46 145 -1 -53 -23 135 -166 -120 -112 188 -17 -186 -20 -96 -50 -99 126 -102 -155 -59 -198 -174 -142 -183 132 3 -169 25 -95 -117 -40 -143 -123 -144 -80 -30 -182 -146 176 -15 189 -191 -108 -60
15 -5 -176 -45 -71 -150 -103 38 -52 -16 -177 -188 193 81 -180 -10 -136 -155 -129 -100 -185 -26 49 -40 -44 -200 14 46 87 -21
109 -103 -54 -120 -127 -142 -131 -190 -46 -157 -134 -143 -86 161 28 -69 -112 -37 -73 -152 -124 -88 -197 -24 -118 -108 195 -59 -22 -144 -4 -49 183 -107 -23 -15 -64 -74 -87 92 -8 29 140 -81
43 47 -189 -117 -198 -130 54 -62 -121 -153 -185 -27 -187 -176 -56 -122 -19 -71 -44 -177 108 197 -172 -45 -20 -161 -128 125 -171 -4 -81 -80 -159 -23 141 -170 -46 39 -100 -51 149 -92 196 -18 -112 -96 78 -15 -174 -193
5 176 44 -11 -141 -35 -54 -7 -157 -66 -67 145 -177 -57 -193 36 -3 -134 163 -6 -181 -192 -118 -26 -74 -131 -130 -111 129 -81 -20 -179 90 -183 -135 78 -107 -119 -148 188 -115 -122 -124 -191 -110 -102
66 -37 -166 -174 69 7 -192 -71 -42 190 -135 -85 130 80 -155 -2 -16 -78 -163 -110 -109 -129 -95 126 39 54 23 -182 81 83 -22 -12 57 -169 -181 -164 59 -98
164 159 -171 152 -97 -123 -60 -113 63 -31 -22 -184 -86 -173 -142 -106 88 -153 -62 -41 -185 -165 -67 -12 -115 48 -87 -79 -25 -158 192 -90 195 149 -170 -6 -69 -199 130 65 -17 -150 -24 -43 -8
24 -179 -165 -42 -196 -152 -118 -107 120 -92 -38 -30 -80 -200 -168 -55 100 158 -135 14 -61 -35 137 -192 125 -86 -32 -161 -83 -102 -157 -93
34 -73 -98 -148 -8 -101 -36 -196 -43 -133 -111 -78 -177 1 120 -125 22 165 -198 -128 -58 -32 75 -60 132 -46 -166 -147 -161 -157 -21 -62 -145
164 -106 -35 156 -30 -123 -86 -149 128 -91 -90 -101 -41 -50 163 -126 -54 -158 -40 180 -134 -197 -14 63 -11 -33 22 -114 -127 -74 -145 37 -192 -59 -109 -187 77 -122
23 -77 -112 97 -73 83 -25 -75 190 -179 -82 -135 -195 -187 -139 159 -42 -138 -40 -19 -79 -120 -21 -158 -141 -55 -146 -11 -27 -80 -153 -169 -63 -194 143 -102 -18 -35 -177 -116
127 -29 -38 -194 -91 -159 -174 171 -90 -195 158 -35 -12 -37 -155 137 -191 -49 -129 -102 -45 -120 -100 -141 -124 -96 -87 -74 -176 -52 -3 178 13 -19 -60 -130 22 -190 -98 -116 187 -165 -119
8 -122 55 -180 194 -111 -151 -5 -200 -186 168 -16 -84 -104 -137 -9 165 48 -149 -66 -35 11 175 -37 145 -142 32 -162 -77 -7 -103 -70 -191 69 -109 -15
143 -17 -23 -20 -24 36 -29 -165 -38 -195 -51 -95 -19 -175 -115 141 -177 -32 -7 -14 -167 -183 -148 118 -159 -152 22 13 -77 146 -149 -96
178 64 -170 -175 -118 16 -109 -195 -86 -71 125 147 -151 -129 -200 -7 6 -38 95 -24 -74 -182 -153 121 -11 126 142 77 -23 -17 -136 -80 -122 -50 -48 -166 -56 -88 -184 -104 -10 -169 31 -192
98 64 -110 56 -120 -28 -128 158 -147 -133 -136 -186 -37 -122 -16 -51 -3 135 -6 -173 -41 -46 -192 -69 -155 -48 -4 1 -59 189 -179 -8 -26 -40 129 -139 -22 183 97 -96
181 -143 -15 -142 -63 -194 -102 -167 -158 -149 -46 -185 -100 -68 -78 -84 -120 -18 139 -34 -39 127 -90 -72 7 -104 -2 136 -174 -97 -30 -148 -47 -83 -145
68 7 -87 -172 -102 -163 -142 -82 -11 -17 -159 -59 -56 -150 162 29 115 -44 173 -120 -158 -89 -143 -137 -165 -51 -80 -130 -94 -43 117 48
50 -103 -167 -139 -172 -78 -195 -9 -110 -31 -102 -173 -22 -59 -118 -86 197 -157 -24 -126 -21 -43 -171 190 -23 -20 -105 -132 185 -32 87 -69 -27 -114 -70 162 -17 64 -13 -16
65 125 -190 -6 -159 -33 -124 -73 -185 -46 -198 -128 -4 -175 34 -30 -70 -100 -22 -41 -152 -78 135 -9 -143 -17 151 -81 -101 182 91 -194 -56 114 -153 -200 -26 -90 -157 -88 -79 -52 -86 -132 -32 -87 -47 -75 -139 -160 -118 -136
58 -106 -65 -94 -192 69 5 180 -76 -160 -54 -84 -68 -161 133 -141 -66 -100 -60 46 -70 -63 -132 -157 -139 -96 -101 -51 -175 -88 -57 166 -7
16 195 184 -63 -185 -29 -95 -174 -140 -104 -135 -94 -172 -24 -77 -17 -146 -96 -49 38 133 -159 -147 -70 -86 -23 -35 -56 -119 -105 -150 -103 -9 -75 169 69 -64 -111 -1 -67 -11 -13 -36
178 80 -21 -28 -164 148 -177 -49 -47 186 -94 -18 166 8 -7 153 124 -10 -120 84 61 -23 -83 -179 -125 90 -106 -38 172 -12 -95 -140 -150 155 -96 -157 -115 -76 -32 -169 -63 -108
13 -129 -3 -176 99 -133 167 -20 -156 -126 71 5 -141 184 -194 -49 -77 161 -180 -113 -138 -25 58 -9 61 -1 73 -128 -98 -122 59 -15 -33 -11 -36 -160 -110 -57 -72 -152 154 -66 175 179 -89 -116 -7 -188
6 -152 -44 -128 -62 149 -99 -101 -8 38 -132 -192 -25 -156 -40 -111 113 -184 -4 -189 73 -176 154 65 -30 -188 -22 -166 117 -144 -60 -87 -80 -141 -32 -158 -23 -3 109 -13 -172 108 -7 -129 -66 -81
85 -110 -155 -74 -59 -157 107 -91 40 -46 -197 -171 -4 -183 126 -174 -37 -154 104 -50 194 -93 -77 -66 147 -2 -164 -168 -115 -60 -170 17 -173 -156 39 193 -35 -43 -138 -161 169 -53 -166 -82 -189
20 -93 -195 -190 -131 -18 -187 -159 -89 -182 -50 -26 142 75 183 -43 -91 -58 -79 -180 -81 -62 76 172 -150 -52 -104 -15 -28 -70 124 -12 96 -132 -105 -117 -86 -34 -138 -30 -72 -108 179
160 -15 -1 -185 -19 28 164 -138 -179 -6 -200 -13 -170 -53 -105 -67 -163 141 -90 -68 -16 -115 -98 -147 -151 -198 -154 91 -156 27
23 -154 96 -31 -38 -171 -141 -89 -85 -104 -106 -72 68 -135 -67 -91 -36 -152 -184 155 -197 -179 -8 117 -86 -59 -111 -84 -40 -182 -97 -66 -186 -62 -2 -15 -114 -108 -173 -131 83 -116 130 176 -25 -94 73 180 -76 -185
99 -105 -106 9 117 -34 -57 -145 -196 -64 -40 -163 -107 -104 152 -48 -32 -111 -85 -22 -100 -181 -115 -166 -83 -96 -4 -53 12 39 -131 -1
89 -47 -64 -46 -152 -153 -43 2 12 111 -53 -21 -17 -139 -186 -40 -106 82 -163 -122 -96 -188 -137 -107 -81 -56
72 -41 -94 160 -60 -67 44 -92 -59 152 -133 -158 -136 166 -78 105 -83 -147 29 163 95 -12 -125 -84 -50 -171 6 45 -195 -13 -48 -3 -131 -159 -186 73 -23 -54 197 -80 -24 -101 -42 -162 -175
58 -80 -109 -45 52 -114 -2 41 -83 -165 -189 -171 -169 -146 140 175 -29 -20 -197 -132 -125 153 -168 101 142 -24 -172 -180 -60 -53 112
58 -198 72 -173 -10 -96 31 -111 -6 -46 100 -147 -23 181 150 -36 -70 -101 -25 -74 -19 -75 -12 -187 -91 108 54 -161 -118 184 -8 -3 -162 15 -145 -45 137 -68 -67 -52
56 -103 -97 -140 -65 137 -93 -79 -53 161 -171 -39 -85 10 -46 20 -17 168 178 108 -185 134 -109 -188 -200 129 -43 -2 -18 -64 -13 128 101 -1 -8 88 -133 -147 -5 -76 -153 -60 -68
14 -170 -149 -189 -132 -46 -129 -37 -173 111 -28 -74 -156 -143 155 -124 -67 163 -39 200 -125 -150 -112 -23 -38 -135 196 184 -178 -41 -137 -142 -115 -51 -90 -5 -175 -158
93 -182 151 -125 172 -36 -157 -15 119 65 -139 -81 28 -126 155 176 -129 -48 -170 68 -90 55 -10 -75 -71 123 -51 -41 -171 53 109 -128 -101 -21 -185 -74 63 -60 -173 -169 -88 -58 44 -95 -167 -9
17 -92 -89 14 73 -37 -12 -57 -110 -108 -175 -153 68 -56 -123 -60 -126 196 -142 -24 -62 -113 -115 -43 -49 -2 -102 160 -146 -193 -183 -38 -58 -1 -50 184 -96 200 186 -6 -82 -124 44 -47 -81 -132
195 189 -10 -191 -200 177 -161 -132 -14 -58 129 -84 94 -168 -173 -166 -130 -8 -190 33 -139 22 -126 104 -122 -56 -13 19 -44 -165 -137 -34 79 -48 -76 -199 -186 -93 -147 -102 -78
193 -61 110 -5 -183 -168 74 -161 -26 -1 -81 -176 -83 -67 -147 -23 -153 -73 -15 -150 -180 -184 -178 -53 -195 -52 -30 106 -6 -141 -24 -127 -34 91 108 -111 137 -181 -8
59 -95 -134 -37 -63 -196 -110 -163 -103 -113 -14 -51 -162 -81 -144 -10 -198 -96 -32 -189 18 -44 -112 -65 147 -99 -119 -115 -101 -3 -2 -100 -46 -58 -50 -114
132 187 23 -199 67 -158 -178 -190 -130 126 -98 -48 -74 -22 -62 -139 -150 -154 19 -59 -29 -96 -151 -56 -145 -189 -120 -123 -41 -124 -40 -179 -5 -142 -43 -61 57 42
48 -183 -137 -15 -100 39 -20 -6 -96 -17 -104 -135 -179 -69 -63 -32 -197 -190 -180 -10 72 65 118 -51 -149 -94 -47 -161 62 -50 -172 -133 -122 -66 -174 -71 -107 -116 18
177 -114 69 -44 -134 -14 -160 -175 24 -73 -141 86 -121 50 -187 -72 -115 -164 -173 -124 -149 -120 -142 21 -98 -34 -109 -140
176 -112 -31 147 -101 39 -142 -16 45 62 -108 -111 169 -68 -58 -26 -179 -4 -154 -149 -13 183 -184 -6 -89 43 -76 -41 -15 -153 -29 79 -158 -86 -77 104 -48 -72 -190 -12 33 -194 -25 -94
3 139 169 149 -62 107 178 -125 -106 -16 -48 -158 29 -84 -155 -63 -61 -4 -115 -110 -73 -142 -37 28 143 -116 -129 -103 -112 -23
73 -176 184 -162 -188 66 142 -39 96 -77 -133 -185 -114 -4 -90 -141 -160 -65 -29 -84 78 92 143 -105 -172 -109 -56 -175 132 -18 -124 -144 10 -135 -19 -192 82
38 -67 -153 -99 -14 -149 -18 -55 -21 -82 -24 -140 -107 -133 -65 -104 -73 147 -29 -45 2 -184 -173 -7 -171 -47 -199 -164 -132 -113 -1
131 -44 -159 -152 -48 179 -63 -127 -172 23 -199 -153 -112 -130 -4 -146 -150 -197 56 -38 -60 -125 13 -121 -92 -155 -99 -65 -169 71 -98 -64 -129 -200 -143 -180 -3 167 -8 -12 35 -149 -93 -101 -108
79 -174 23 -120 -170 -168 -64 86 -159 -119 184 -77 -40 -75 107 -59 17 -80 20 151 183 -114 -81 -35 -141 -165 78 -175 -32 -65 -111 2 -85 -93 -163 -99
198 82 -114 -31 -76 -187 -86 -100 131 -4 -71 -189 -13 11 77 41 35 -165 -43 -28 -83 -190 -33 168 -49 -159 -10 -112 -50 -134 -25 -14 55 -67 -91 -199 69 -138 -188
127 -143 -33 -35 -171 -22 -157 -153 48 -34 104 -26 27 -42 -74 -124 197 -193 -147 -43 -117 134 174 -137 140 -120 -71 -146 -164 -29 -49 -100 -155 -40 -162 -175
97 -85 -199 -194 -60 -6 -28 -164 -144 101 167 -33 -111 -10 -168 -70 -151 -142 184 156 -88 -52 -122 -1 -75 -63 -40 -81 -11 108 -35 -191 143 -141 -135 -65 -93 -43 71 -152
192 -176 -169 -34 -16 -61 -170 -159 -154 -184 -87 -183 -158 148 182 -69 -85 -152 -90 -78 -20 -9 -107 -64 -143 163 -47 -92 -57 -195 -118 -98 -191 -77 -167 -117 49 -73 -188 -110 -101 -179 -166
78 -51 -186 -89 151 87 -40 -1 -59 21 -44 -99 -145 -39 -177 85 -150 -104 -179 -111 -191 -167 -10 -196 -94 74 -86 -7
12 94 -69 166 20 -176 -152 114 128 -18 91 -155 -123 26 -120 -145 92 -76 -14 -119 -22 117 -181 130 -7 -83 -101 -198 132 186 28 -190 -53 -127 -27 2 -10 -41 -82 55 -143 -110 187 115 -180 -90
32 -189 -27 -115 153 -77 148 -190 -92 143 -111 -86 -52 -192 -156 -37 -130 -199 -104 -13 44 -121 -62 -69 -125 -31 -23 -200 -175 -149 -74 -63 -116 -151 -186 -139 -4 170 -102 106 78 -29 -127 -105
110 -7 -6 -125 -70 -90 -94 35 -103 28 27 -114 -100 -171 -67 -59 -172 -179 -93 -24 -196 -132 -22 192 36 -149 -8 -30 -69 89 92 -186 -23 -189 -139 -74 -151 -197 -64 -124 -129 -141 -146 -10 -159 -133 82 -138
119 -157 -55 -1 -133 32 100 -61 155 -95 -3 -86 -10 20 -70 -156 -2 -181 -168 -66 -132 -127 38 -68 -178 -192 -177 81 -37 -103 -50 93 -25 -152 -149 -75 -47 -125 -161
169 -11 -73 -119 -99 -79 30 -61 -144 -8 154 -108 174 124 -135 -20 -96 -69 -16 -68 -49 186 -36 -21 -22 -28 -146 -34 -76 -65 90
18 -109 -120 -56 -7 -185 -163 -97 150 -141 -63 -8 -2 -94 -76 -175 -37 86 80 -34 184 -9 -179 170 -57 -45 -42 -112 12 -192 -130 -105 65 -115 -79 47 -104 -128 -88 194 -61 -198 -176 -147
182 177 -69 -63 -109 -194 -175 -34 -87 -13 -124 -118 -1 -75 -79 -20 -72 -48 -2 -191 -92 8 -187 102 -38 -62 -192 -119 -52 -152 -174 -82 -99 -10 -67 -171 154 111 188 -97 -150 -197 -142
186 -50 107 -35 29 -26 -190 -192 -38 -49 -141 -27 -197 -33 187 -69 138 -198 -150 -68 -25 -52 -121 -179 -149 -139 -183 -109 -113 -73
107 -148 -115 -131 -34 -186 -31 -40 -154 -199 -41 -102 -165 55 -105 -70 -60 -151 -140 -5 -184 116 -92 -44 -23 -81 -103 137 -169 -91 -86 -124 -35 -163 -45 -160 110 -123 -158 -72 -188 173
193 -23 -182 -91 -48 26 -34 -83 133 -45 -21 -197 124 -55 -196 -181 -139 -142 -173 -66 -137 -135 -7 -77 -105 68 -184 167 1 -152 -32 44 -20 -178 19 54 -72 -9 -41 166 -12 -40 -122 -57
82 47 -32 -26 -182 -79 170 -163 -22 178 -100 -169 -166 -136 -81 -10 -151 3 -184 -154 -158 -102 -17 86 -62 -30 -157 -42 -74 -118 -177 -124 -96 -56 -196 -84 189 -119
16 -66 -102 -176 -31 11 -65 26 -70 -139 63 -170 178 -144 57 -147 -36 -110 -18 2 -47 -19 -94 -131 -32 -120 -41 180 62 -59 -90 -111 -37 -93 122 -169 -181 161 -15 -185 -38 -49 -80
29 -26 156 -197 157 -153 -134 -5 -144 74 131 63 -107 -13 -37 77 -35 115 -46 -14 47 100 -62 -175 -79 129 143 -64 -198 -164 170 -133 -128 -101 43 -181 176 -118 -195 124 -105 -8 -24 -180 -73 -31 -117 -25 -68 -184 80 99
164 -48 -36 -63 175 -118 -10 -76 -200 -5 -169 87 -32 12 -94 -147 -69 -154 -165 -31 -131 -120 -196 96 199 -153 -81 -97
100 -23 -143 -142 -184 -48 -183 -103 -91 -37 -154 -159 136 88 -109 196 -171 -175 -117 49 -132 -13 4 76 -193 -146 -33 -149 -80 -62 -116 45 -59 -7 -16 60
4 -128 -36 -166 -148 -84 68 -168 76 -162 41 131 -50 -93 -137 169 -52 98 -63 -12 -150 142 -108 -173 44 -3 -64 -15 -17 -199 56 -82 -189 -141 -75 105 -65 -132 -86 -35 -185
133 -129 68 -3 170 -7 169 -160 -164 -141 40 -13 -1 -11 -85 -5 -165 21 -143 -50 -115 -145 -57 -186 -119 -189 -12 -79 -199 -22 -198 52 -106 -86 -74 -195 -121 -182 -107 -60 -181 123 -137 -187 -70 92 -183
176 -147 -11 184 -130 -121 -155 -171 -195 40 -75 -178 94 -142 -134 -192 -91 -59 10 -160 -39 -97 -56 -71 -27 -159 -32 -182 175 -179 -140 46 -48 -7 -98 -45
41 22 163 -117 -148 -118 -194 -186 81 -178 167 -62 89 -116 -96 -91 -99 199 -53 47 -70 -166 -51 -9 -71 -176 -200 -144 127 120 -173 -5 -193 -158 -45 -24 35 -170 123 -58 153
92 -161 -55 -7 -157 -172 -1 -76 -146 -136 -189 -103 -109 -50 10 -159 137 -142 -53 83 -14 6 -110 -65 -116 -22 198 -45 -25 -176 -125 -19 -95 -175 -99 174 -21 143
116 -159 -40 190 75 -66 -143 -11 -138 -136 -55 160 -67 -96 -56 -60 -1 -74 -155 -146 -118 -65 -25 125 -104 -168 -21 -33 -179 -181 -156 -2 -91 -157 150 -174 -87 3 -80 -43 -132 -88 63 -198
159 149 -121 -146 -101 -135 -66 -31 -18 -194 -120 -152 -17 -60 -79 -24 -28 -196 -107 -12 -35 47 -75 -2 51 -59 37 -99 -80 -198 -52 113 -195 -182 -200 -10 -41 -72 -164
24 -165 -183 -59 -16 23 -159 -193 -69 182 116 -121 -39 43 19 162 -146 -179 31 -185 38 -54 136 -32 142 -107 -87 -9 -4 53 -108 -110 -48 -76 -82 -153 -180 22 156 -63 -112 -155 -105 -61 -163
197 -12 -50 -54 -148 -81 -118 69 147 -55 -157 -36 -46 161 -150 -110 60 -198 -33 -119 -25 -31 68 171 -169 24 -19 -84 -170 -51 -113 -193 61 -34 -57 87 -9 -108
114 125 -139 -41 -48 -66 -110 -150 5 130 -64 -95 -146 -184 -15 148 -140 -153 -197 -105 -61 -70 -168 86 -160 -142 -17 -42 -112 -124 -81 -163
135 -63 -134 149 -107 -192 -7 -18 -25 -156 -132 153 -133 32 -180 -38 -164 183 56 109 36 -30 146 -68 35 73 98 196 -119 16 -65 -152 -13 174
183 -63 -196 -193 -147 186 169 -97 -84 -70 -7 -83 -33 -122 -77 -26 -150 -72 -60 175 -172 -168 -194 -55 -158 -152 -25 -38 -108 -198 98 -120 -144 -101 -29 -109 -177 3 -85
46 -182 -149 -165 -192 -26 -35 65 -113 154 -54 61 -63 24 -29 -92 -166 -91 -11 -99 -83 -22 -28 -123 -66 -100 -37 -105 -104 -126 -135 -48 -136 -76 148 -177 -102
78 -6 -35 -194 -173 159 -79 -147 -142 89 -61 -157 -162 -37 33 -116 21 95 -195 -126 -186 -166 -83 66 -98 -103 -168 -143 -32 102 7 -23 -156 -118 -97 -67 115 -87
79 -32 -154 -131 127 -190 -116 193 117 -83 -58 -197 -30 -27 -162 -6 -167 -171 -156 2 -88 -126 136 -129 -114 -3 -50 29 -159 -103 -22 80 -143 70 -98 -16 -122 -125 -188 169 -148 -178 -100 -199 -99
117 -20 -171 -185 -101 -132 -122 102 -12 -159 -148 24 -56 -8 106 114 -64 -138 111 -86 78 -133 -72 -184 91 -161 -71 -50 173 -99 -197 -31 142 -162 -81 88 -76
51 -118 -120 -5 -119 -70 -110 -28 -172 -99 -92 -126 -20 -31 -67 -62 -168 -165 -112 -84 -174 127 -156 -26 -58 -149 -186 -89 -40 22 -166 160 -171
18 -61 -88 -36 -48 189 -73 -89 -7 -125 -12 -167 -34 -1 -148 186 -42 -166 -164 -116 -175 -22 120 71 -163 -39 29 -99 -152 -183 -96
178 59 -82 170 -74 -72 -99 -195 149 -48 -44 -184 180 -31 -42 -132 159 -25 -76 -127 -128 -129 -75 -81 -7 77 38 -152 -70 199 158 -84 -18 -121 55 -100 -91 115 -163 147 103 -51 -126 122 135 -49 43 71 -47 -125 -3 -175
59 -154 -11 63 -184 -119 -137 103 -74 -182 -45 -48 -189 5 -174 14 117 -20 -153 -196 177 -66 -24 -162 -165 -84 -155 -110 62 -173 -98 -191 -178 -141 -136 97 -33 -19 -58 -113 -49 -55 132
166 -183 -192 -84 -2 -117 -19 -165 182 -113 -144 -115 -102 -44 -184 -61 -138 -180 -153 139 122 -59 -148 -48 -14 52 119 -197 -169 111 99 -65 170 -47 90 -92 -25 23 -181 -76 -164 -135 -198 -57 -145 69 -17 141
112 -47 -23 -106 113 -34 -31 -10 -105 -108 -149 -138 -152 -90 -67 -140 -60 98 -169 -146 -62 -22 -57 54 -142 -173 -14 -26 -119 70 -71 -68 -5 -84 -124 -182 -188 -28 -24 -81 -87 -56 -4
129 -64 -74 -82 -91 -52 170 -164 -155 -94 -57 -112 -160 -138 -152 63 175 148 -188 -30 -2 -127 -179 -68 -47 -49 -130 -174 165 72 -40 -10 -186 -48 -101 77 150
45 -178 79 -179 -100 -129 -188 73 -172 89 -152 -123 50 60 -159 -190 -153 -72 -10 86 -12 34 -163 -58 -15 -71 -9 -11 -90 -131 103 -81
107 -151 -156 -186 -27 -81 -185 -30 -55 50 -66 -193 -21 -182 -199 -152 -5 -90 24 -150 -12 -49 -132 -109 -53 95 -111 -36 94 -161 -187
193 -2 -185 -8 -42 -75 -107 -196 -7 -176 59 -116 -111 -135 136 70 -188 -139 -183 -58 -65 -173 -3 -18 38 -47 -86 -164 -72 -99 -46 -91 -162 -149 -97 -92 -126 -147
116 184 -90 -36 -86 -89 -35 195 53 166 -143 97 -78 -113 -17 -63 64 -188 -121 -173 -92 177 -123 73 -154 196 -102 -30 -41 -158 -1 -56 -189 144 -169 183 -136 -179 -197 -119 -185 -21 -130 -149 -26 -47 -186 -20 170
65 -64 -170 173 -142 -76 -189 -18 -67 -119 -89 122 -180 -98 165 -4 -166 -7 93 -110 -115 -44 -109 107 -97 139 183 147 160 -71 -100 -63 -176 -2
12 -141 -14 -60 -47 -142 -39 -76 -113 -144 -105 -41 -91 -9 -106 -80 150 -172 -4 -7 -127 -55 -10 -194 -81 -65 -35 -26 -117 -45 -44 40 -147 -125 -87
189 179 -147 -68 -169 -64 135 32 -150 -198 -7 115 -2 -156 -21 -54 -157 -100 22 -8 -57 81 -39 -172 50 15 162 -136 -25 -192
142 -138 -59 57 -77 -34 -6 -100 -25 -43 -4 -111 56 -87 -49 -73 -75 -171 -93 149 119 -152 -2 -148 -164 -26 -90 -120 -105 -40 159 -139
153 -89 -150 84 77 -35 -106 49 -197 -20 -108 -173 -95 -23 -121 74 -114 -1 -140 -189 -198 -30 -118 -169 -161
124 115 -102 -123 -11 13 -15 23 113 -32 9 79 -91 191 -134 109 -22 -78 -132 -154 -114 -168 -43 -116 -197 -186 -135 -56 189 -161 -85 -46 108 -61 -172 126 -33 105 -145 74 -195 54 -200 8 180 -142 -178 -36 -17 -173 -119 -171 -175 -194
160 57 -119 -166 -29 -138 115 161 -4 110 -139 -54 -56 -145 148 -140 -75 -189 -14 -133 50 7 -42 92 -113 -44 37 -106 -190 -175 -143 -49 -152 -114 -116 -186 -178 -146 132 127 -141 -122 -8 -137
68 -30 -43 -189 -70 117 9 -194 169 -76 -112 -163 -200 71 -198 -26 -97 -177 -142 -4 -94 -160 -106 -91 -83 75 -138 38 79 171 -190 -166 -130 -103 -164 60 -59 16 127 -95 -173 44 156 -151 -84
150 -6 -139 16 -41 66 -87 175 -192 178 -126 -111 -138 -115 -112 -129 -103 -171 62 -80 -104 -133 -33 -96 -148 -166 -56 -86 -1 -95
98 -32 -60 -155 -7 158 -21 -198 147 -57 185 -81 74 -168 -85 -145 -1 112 -96 -173 70 -25 140 -126 -79 -195 -42 59 -152 143 -78 -200 -105 -87 -180 -46 49 -28 -92 -187 15 -196 -134 -197
93 191 -82 -140 -47 -131 -192 -25 -178 84 -95 -186 148 -7 -3 -157 -89 -173 -51 147 176 -160 -195 90 -150 -198 180 -111 -194
135 -83 -19 -80 118 35 -167 61 -26 13 39 -146 -25 -12 194 -96 59 -78 -158 -34 -29 -100 -147 -93 -171 -76 -66 -116 -112 -193 -153 23 -129 -74 -111 -22 -168 -162 44 104 -142
