119 -115 -167 -129 -15 -198 -100 -28 188 -83 -131 -150 -153 -179 -144 -82 -146 -126 -1 -23 -50 -121 27 -8 -107 -32 -197 -193 -139 -163 -18 -87 -92 -91 -73 -13 113 -156 -166
120 -87 -41 189 -191 89 11 141 -158 -47 -54 97 -147 -66 -24 -122 -129 -182 -187 -126 -176 -153 -17 -5 -152 -132 -150 -9 50 184 23 -83 -108 139 -29 -124 -192 167 -44 117 168 -16
92 -115 38 -140 150 -36 137 -62 -116 -167 -180 -123 -173 157 -23 -96 -2 -26 -52 162 17 -40 -78 -107 -132 -75 14 -89 -48 -163 -187 39 -32 -30 5 199 -83 -53 125 -61 -8 90 -176 -103
3 -161 84 95 -142 -107 -148 -195 -162 -138 -90 137 -35 -85 -136 -70 -94 -65 -6 -80 -169 192 -52 64 -50 -58 117 -196 -116 -17 -15 -74 -75 38 189 -121 -111 -190 -140 86 -183 -81 14 -18
131 183 -35 -159 -127 -36 -104 -165 -72 -93 79 -155 -89 -163 -56 18 -171 126 47 -74 -26 -78 -2 -160 -186 -15 -33 -55 90 -112 -85 -181 73 96 -133 63 -115 -178
116 -57 131 98 5 -166 -176 -149 192 -197 -83 -123 -106 21 -129 -58 -111 -175 -79 -91 -96 -82 -125 -144 51 -107 -119 136 -73 -24 -32 -70 -69 -89 53 4 -134
35 -48 -147 -172 112 156 -68 -180 -62 -175 -85 -187 34 149 -164 -3 -152 -53 -106 -173 139 -88 -96 -199 -189 -70 -26 -116 -105 -191 -104 -49 -108 -190 -198 -163 -166 -195 109 30 -161 -47 -146 -114 -9 -74 -25 -54 -97 -179 -115 -33
78 36 194 -126 -159 152 -131 -149 -187 -140 -116 22 58 -1 38 -153 -46 -104 125 -25 107 -54 -5 -151 -130 -89 -72 -177 -191 -67 -24 -40 -77 114 -195 98 -100 -94 -120 11 -52 -26 -4 -49
121 -169 -23 -156 -68 196 -69 -5 -194 -128 -29 -170 113 -13 -39 -165 -42 -145 -77 -110 -34 -152 -30 -185 -111 80 41 81 -115 -8 -104 -4 -10 -44 -190 -28
106 -46 -64 -52 -190 -38 -41 -146 -160 142 -114 -144 -185 184 -76 -85 -55 -153 -168 -12 -6 -126 -164 -183 -132 -149 -88 -150 166 -69 138 -93 -86 -78 77 -125 -134 81 -157 -128 29 -147 -130 -23 -70 -61 -26
80 -109 -158 -106 -41 -2 -142 91 51 -102 77 -89 -194 -82 -56 151 -167 -181 -113 -36 -7 174 -163 -53 -144 -4 -17 115 -101 -164 -104 -96 -185 -6
156 -25 -114 -31 -162 -8 140 168 -36 -190 -200 -13 147 -129 -70 -179 118 -37 98 -160 -16 -73 -152 -48 -103 -185 -136 -177 -1 -54 -122 -186 33 170 -41 -97 -121 -125 -68 -163 -10 -28 123
115 -43 -142 -110 -60 -136 -140 -37 -48 -126 -130 50 -25 -76 116 52 -87 -148 -194 -119 81 -73 200 163 -28 41 103 -161 -105 -71 -153 -172 123 -47 -15 -80 11 -55 -20 54 -159 -26 -69 -113
99 -14 -68 18 -142 -76 -89 -87 -183 -130 -181 -5 -78 34 -84 147 -105 -127 159 -13 -93 47 26 43 -139 -83 -36 -132 -129 166 -52 190 -3 -58 -65 -182 -135 -195 101
191 -93 -89 -185 -136 47 -62 -30 -171 -63 -26 94 -128 -158 35 -58 -76 -43 -78 -92 119 -194 -120 -22 -162 -131 -108 -57 -25 -20 -118 -69 -198 18 -32 -104 -125 7 -134 -5 -115 -33 21 -95
151 -76 -97 -172 -44 -161 -10 -45 -119 -55 -176 -197 -36 -20 -34 -107 136 -113 -8 -145 -19 -196 -137 25 -14 13 -104 67 -158 169 -110 -87 -91 93 -81 -106 -59 -66 64
182 -92 63 -113 32 134 -126 171 -80 -110 -18 -122 -188 -27 -117 -19 -31 -41 -89 -129 141 -105 -111 -109 -26 -168 -162 -98 -2 -61 -56 -194 -58 -106 -22 -85 -157
158 -61 -51 1 -14 -72 -95 77 -172 44 -152 -37 147 -114 -132 -102 -36 -180 76 -179 -22 -53 -73 -48 -189 -126 -25 -83 -139 -23 -118 87 -187 -40 -168 -108 -134 138
87 -181 -102 -29 -125 18 1 -130 -166 119 158 -95 -138 -61 -12 -36 -6 69 -105 -83 33 -182 -72 -169 37 -53 -90 -44 -103 170 -73 -200 -156 -47 48 -133
145 -6 -177 14 -24 -96 -124 -95 -73 92 -54 -150 -39 -141 -8 -126 -118 -40 -181 -156 -31 -178 -188 -115 -147 7 -87 -151 -51 -68 -80 -105 -153 -110 -134 -37 -83 193 -44
110 -198 -102 -91 -139 -146 -186 64 -167 -49 -163 -1 -100 191 82 -78 -156 -51 28 -188 -67 -50 -23 -87 175 -57 -135 16 -36 -114 -151 -166 -59 -61 -128 -27 -122 -63 -93 53 -39 7
200 151 25 -147 -98 -149 -73 -178 101 -46 -166 -176 -61 -64 -169 110 -179 -111 -183 -194 -84 -32 8 -97 12 116 -157 -36 40 -103 -105 -15 143 -165 -54 -62 -121 -130 -174 -163 -133 191 -94 45 -107 -100 -18
10 -133 -155 -70 85 -47 -123 -15 -94 -55 -116 -60 -95 -35 -140 -127 106 -52 -53 -120 -131 110 125 -183 -141 -182 -105 -24 -193 -45 -113 21 -4 -97 -77 -156 -88 -80 -78 -29 -114 92 -137 -37 -200 -175 -149 -102 -83 -161 -61 -169 -75 -148 -194
24 -168 -183 -26 -159 -186 -177 -40 -169 -105 -91 -99 -21 12 -90 -135 -124 -113 -170 -139 94 -27 -106 131 -181 8 -174 -49 -19 -165 -110 98 -123 -129 22 -149 54 4
75 -21 -154 150 -173 -116 -159 -199 -15 -166 27 -115 -167 180 -102 -182 3 -136 -142 -23 -200 -18 172 -46 -92 47 120 -191 -44 125 -70 -170 -192 198 -98
78 -111 -61 -76 69 -8 174 -196 -173 -72 -188 -54 -52 71 -178 -64 -96 -159 -107 -17 59 -49 -90 -190 7 -33 -154 -25 -21 -118 -158 -200 131 -18 -82 -62 40 -147 156 -143 93 -183 136 -157 -192 -15 -57
95 -3 36 -27 -46 -176 110 12 -35 -154 -1 -149 -164 -82 60 -57 -86 -119 143 51 148 -45 -102 -147 -186
25 -137 -107 -61 -168 -24 -13 67 -47 -118 -147 -59 -142 -52 -16 -91 -62 -198 -33 -81 87 -178 41 119 114 -77 -20 -151 -63 94 -183 128 149 -144 -174 -127 -80
94 -87 -27 -3 -173 -174 -143 -39 -123 -84 -138 133 -77 -11 -200 -195 53 -154 -136 139 -35 -176 -90 -124 -105 86 -109 103 -179 -81 -137 -56 113 -159 -148
176 -32 -40 49 -22 -67 118 -56 1 -99 -76 -73 -9 -116 63 -60 -37 -5 -101 -193 50 -188 -149 -12 -157 -108 -46 -172 -131 -184 27 -92 -196 -186 -24 -111 -7 -77 -30 -86 65 -151
50 -180 -160 -86 -136 -23 -169 -44 7 98 73 -177 -158 79 -159 -88 -57 -59 -125 -170 -168 -106 6 -183 -155 -67 120 -178 -52 -148 142 -49 -24 -76 83 -69 18 -5 -110
19 -116 -104 -172 -132 -148 -150 164 -198 157 -4 -100 -158 -9 -160 -169 -156 -31 -111 -175 -39 -191 -5 -110 -99 -176 -121 82 -105 -141 -43 -114 194 -134
130 -71 -144 -181 197 -69 -136 -154 -170 5 -76 -44 -73 -194 77 -115 -101 -34 167 30 62 -60 -175 -22 -111 -142 -52 -75 11 -1 -54 29 -143 -89 -17 161 -173 -51
200 66 -83 90 -170 -131 -183 -53 -135 -2 -130 85 -111 -87 -185 -45 61 -192 12 -156 108 -13 -16 -153 -54 -40 -118 -50 -74 24 155 -35 -51 -179 143 -68 -151 -121 100 -152 -145 -81 -19
30 -52 -175 -140 -113 -9 -6 104 -101 -117 -174 -68 -58 144 -79 -188 -172 -39 149 -82 165 -102 11 -96 -65 -99 -27 -143 -155 -162 -154 -193 -15 57 -142 -69 -103 -168 -72 -31 -200 141 159 54 -190
79 86 -48 -162 158 -125 -149 -74 -26 -49 1 -179 -39 -61 -100 -128 -72 -194 151 113 -105 -56 -120 -115 -186 -160 -170 -172 -96 -188
75 -33 40 -127 -103 -148 -129 -19 -58 -159 -101 -6 158 -168 150 152 -1 47 -117 -30 -195 -69 80 -86 -104 -55 12 97 -89 -87 63 -175 -82 -61 -85 -68 -94 -137 29 -107 57 -10 -132 -7 -174 -42 -76 -161
187 150 -50 -120 -139 -153 173 -79 -140 -154 -158 -113 -53 -93 172 -105 127 -129 106 -84 -69 -114 55 -103 -88 -57 -49 32 196 -116 -169 -99 -51 -65 -180 -68 -15 -41
46 -56 -19 -164 11 26 -108 -8 -75 -200 121 190 -179 -117 -89 -5 -138 -95 -191 -126 -90 -127 169 -136 -4 -85 -84 97 146 -44 -134
83 -79 -89 80 -143 -5 -71 -117 -178 -85 -24 -102 -48 -101 -116 121 -163 -164 -190 -21 -156 -141 120 -92 90 -146 -107 -133 28 -144 -192 -45 155 167 39 15 81 -86 -43 -122 -93 -44 -56 -184
128 -21 80 -188 -16 -127 -156 -190 -162 -136 -8 -61 -123 -142 79 -168 -171 -155 -165 -48 -23 -101 -158 -98 -51 -111 -124 81 -107 10 -91 -133 37 -197 147
123 -59 -69 179 -97 152 28 -50 -133 -20 71 -195 1 -187 -3 78 -198 -66 -23 -42 180 -38 -37 -41 -61 46 -143 -171 -157 -99 -51 -34 -102 -25 89 -87
49 -143 -34 -126 -118 -47 -192 -24 -37 169 -109 -133 -98 -73 -100 -110 -144 43 -54 -95 33 -79 -77 -74 -42 -159 66 78 -180 7 -196 -129 -136 -87 -70 -14 86 -167 64 -30 -2 -142 -84 -122 -117 194
32 -190 -95 -182 -51 -65 -62 -189 -148 -64 -155 -14 -66 -12 -195 -54 -180 -86 93 -196 -45 -10 8 -129 140 132 13 47 43 -109 -162 -116 -50 -156 -135 68 -96 -52 -146 -130 -128 38 -22 -123 -73 -200 -89
185 -81 190 -165 -26 -93 -181 -152 -139 -95 -55 -125 -34 -136 -124 166 -103 161 -60 -156 -76 -155 -164 -123 -43 61 -8
198 -33 -127 -187 95 -122 -111 -92 -194 -117 -4 9 25 -43 -78 -164 -107 108 -81 94 -125 -112 -93 -126 -132 -174 -159 26 170 -100 -50 -19
63 -152 -184 -15 199 -183 -182 -95 -68 -82 -28 -43 134 -26 -122 -7 -157 -190 -22 -36 49 -4 -111 -48 -14 -33 -47 -54 -32 -168 -150 -108 -165 -187 -159 -139 -23 145 -158 180 -64 -16 53 -129 188 114 -12
37 -50 -128 169 -121 -180 -107 -134 -182 -156 -54 -179 -181 -16 -36 -40 -140 -49 -171 -6 -34 -15 -160 -90 -98 -123 -45 -25 143 -31 -133 -174 21 -109 -66 -153 -47 -60 -104 3 -106 -161 -137 -80 28 -86 83 -184 -164 -130 -136
115 -16 -75 -193 158 -113 -151 -93 -184 -145 -11 -47 -81 33 -114 -198 -67 -15 -80 -68 -25 -161 -180 -192 -60 195 -94 -74 -186 181 -17 -103 -154 -129 12 -35 -143 -3 9 24 14 -142
91 -134 -132 -45 -1 -129 -185 -101 -117 -142 -50 -150 177 -92 -176 -88 -18 135 -123 -162 -44 -60 -81 13 -9 -27 -70 166 -24 -195 -118 -32 -71 -163 -106 -62 -80 -170 -37 -191 186 -17 -21 -154 -110 -23
49 -170 -146 -107 -132 -112 -39 -95 -109 -65 36 -23 -13 -91 -127 -90 -105 -178 -128 -2 -165 -9 -10 168 -48 -87 -199 -134 -180 -16 -84
182 -3 -68 -111 -154 -118 -144 -184 -90 83 -45 25 -124 88 -1 -54 -148 -103 125 -131 36 -163 -91 -168 -78 -70 -12 -162 -62 -59 64 -6 -89 85 -153 -93
121 -57 -122 -50 -131 -27 -188 -62 165 -47 -13 -59 -55 74 -91 -166 -126 -186 -15 -169 -124 -147 -119 -92 -128 -117 -8 -7 -72 -31 -66 18 16
125 71 -90 194 -33 -72 -61 170 48 -95 191 -20 -27 -79 -183 -41 -96 -112 -156 -123 63 -47 13 101 89 -1 -169 22 -94 -8 -32 -195 -24 97 -82 -174 -19 -2 -52
68 -99 -181 186 -156 -43 -170 -180 -31 -128 -147 -7 -47 -173 -139 -33 -88 -6 -104 -41 15 -30 -64 -166 -23 155 -1 -167 -39 29 -190 -90 79 -102 -70 -150 -25 -4 -142
22 152 140 -49 -164 -14 -183 -82 -3 -45 -53 -177 -107 -111 -194 -162 -129 -35 -130 -126 -195 -30 -95 -43 -109 25 -122 -76 -58 -157 -188 167 -197 -106 -2 -113 -172 138 -192 -133
191 -28 -170 158 -156 -163 97 -192 -183 -75 -198 -184 -133 -152 -129 -36 96 -195 -20 -115 -112 -145 -46 121 -16 -182 -22 -6
185 -69 -36 -44 -28 -124 -125 132 -89 -63 -57 -80 48 -16 -165 -129 -54 -176 -115 -112 -181 -130 -23 -59 45 -24 100 136 -81 65 52 -19 -33 178 62 -35 -91 -187 -118 -128
79 -192 49 -58 -64 -63 -97 -161 -149 -182 -133 -146 -196 -101 -110 -66 -4 -85 200 -117 -132 26 -12 -56 -168 -92 -13 -77 -169 -115 -94 -109 123 -46 -27 -11 -164 16 -198 -107 120 -181 -35 -57 -141 -187 -59 -158 180 -83 -87
140 -167 84 98 -196 -144 -155 -126 -38 -18 -123 -129 -78 26 116 112 124 -44 -117 -16 -41 183 -170 -103 128 -161 -100 -65 163 -173 -19 -190 168 -57 185 -198 -92 -53 -29
152 41 -114 -145 -182 -73 -57 -82 -200 -131 -169 9 -37 -69 -52 -63 -170 -194 -137 -174 -99 -68 -65 -179 -150 -151 5 -60 -71 -23 -72 -66 -11 78 -8 -115 -14 133 -61 -31 25 -175 -2 -171
63 -30 -116 -129 148 -74 -95 -161 -197 -118 -120 47 -14 -98 -159 -50 -87 153 -157 -136 -20 -8 -26 -181 137 134 -158 -61 31 -59 -133 -100 -165 -22 178 44 183
71 -55 113 82 -167 137 -189 -101 87 -169 -49 77 140 -50 -114 -102 -132 -37 -162 -153 -89 -144 172 -152 -173 -181 -64 -24 -174 -98 -184 -56 -9 -108 -188 158 134 -40 -1 -28 128 -78 -148 -159 -26 67 -160 -85 -112
62 -76 -145 -189 6 -48 191 38 5 -122 -39 -126 65 -53 -110 -113 -121 -87 74 -188 -162 -159 14 -13 -140 -45 -50 -30 -55 -141 -171 94 149 -106 -184 -177 -107 -88 -28 -42
41 -116 158 14 85 -11 -144 -8 -162 7 -19 -66 -126 -15 -141 -58 140 -61 -172 -139 -151 -132 -174 -189 166 18 -128 -47 -187 134 -111 -138 -70 -21 -182 -152 -90 4 -112 -34 -98 -167 -27 -74 -5 -190
134 -175 64 -120 -167 -171 -200 -168 7 -22 -83 -56 -19 -72 -97 115 -15 -1 -67 -117 112 -62 -104 -41 -14 -197 -174 -181 -116 -96 -150 -13 -31 -158 -43 138 -55 -82 -73 186 -156
91 -96 -113 -84 -58 -32 59 -11 -189 -120 131 -48 -119 -40 123 -127 -45 -86 -153 139 -6 -133 -175 178 -29 -55 -73 -98 -149 -125 142 -183 -167
18 172 -129 -184 -74 -170 -159 87 -126 73 -41 -109 -62 -30 -26 -156 -154 46 66 120 -125 -150 -128 -119 -108 -191 -14 112 -183 163 -68 57 -16 -17 -151 -39 -162 -136 -196
44 -85 94 -151 -149 -25 -169 -148 -147 -40 -46 -15 -182 -113 -18 -104 7 -107 -170 -57 -20 -80 -58 154 -27 -110 -11 -112 -135 160 -23 -134 -82 -145 72 6 -142 -97 -153 -5 -98
110 9 -173 -171 -104 -176 -44 196 -30 -24 -178 -8 -45 79 -163 -150 -77 38 -183 -66 -187 -23 165 50 198 -35 -47 -26 -58 -55 -31 -180 -56 -86 -111 158 43 -125 -69 112 27 -144 -155 149 -113 17 118
196 -164 -61 76 -140 -177 -52 -183 -41 91 -58 79 143 106 -49 142 -83 -165 -179 115 -60 93 -81 -85 -185 -128 -189 50 -180 -134 4 -97 -51 -84 64 -19 -95 144
78 -187 -85 136 153 -135 -156 -40 -29 -91 168 -86 -41 -71 -37 -17 -120 184 -134 90 -32 -46 -108 -173 -72 -47 -74 -185 -180 -28 -25 -115 123 -177 -118 125 -56 -155
68 -50 -151 -129 -137 -188 -179 40 -111 -4 -123 -59 -67 -131 -116 -11 -159 -30 -9 -94 72 -120 -135 -192 -115 -13 -25 -100 -78 -139 -19 -138 -185 80 -102 -145 -42 -83 -172 154 -15
146 -143 -94 157 -180 127 96 -200 -181 -148 -194 -82 -43 -131 -106 -81 -61 -163 -34 -58 -80 -167 125 -1 -63 -78 -38 -128 -33 117 -20 -5 -133 -159 -101 -28 -84 149 -103 -193 -184 -198 -9
54 26 -195 -75 -150 -5 -6 -162 167 -27 -53 -47 -20 187 -19 81 -102 21 -141 -50 -88 -100 -128 91 -78 -118 -192 -180 -32 -125 113 -49 -153 -164 76 -111 -24 -196 -59 -40 -144 69 -168 -74
162 -161 -169 -120 147 -63 22 -151 -20 -160 -200 -39 7 -196 -76 -59 189 -114 -130 -11 -78 -126 -87 -182 -71 -177 8 -85 -190 -174 -136 -180 -83 118 -43 152 77 -112 1 -142 -24 -166
138 -1 -54 -113 -142 -14 34 -62 -136 -66 -184 -101 -106 -102 -42 -193 156 -60 104 -89 -105 -115 -56 -86 -78 -148 44 -145 -159 -173 -35 -192 -180 117 141
17 -95 -148 -175 -130 51 -123 100 -198 -63 -58 146 194 -62 -111 -81 -200 8 -30 138 -75 -18 -188 141 -96 -177 44 -70 -110 7 -145 108 60 -15 -97
126 -81 159 -39 163 -136 102 -168 98 -69 -12 -42 -27 -153 -66 -44 -61 50 -152 -130 -198 -63 -111 -78 -141 157 -32 185 -41 -151 31 -175 -176 1 82 -68 -64 -13 194 -73 -45 -118 -196 -91
72 9 -54 -52 -41 -190 141 168 -5 -74 -70 -92 -27 -114 77 95 159 -79 -39 -62 -2 -197 -200 -90 -152 -69 -176 -80 -167 38 109 -106 124 -97 -18 158 36 -53 123 15 -99 -116 -102 -161
129 -60 -183 170 -177 97 93 -186 -5 -73 -185 111 63 -171 -64 157 -198 -83 -116 -13 -71 96 -28 -144 -132 -160 -80 165 -155 94 141 191 -81 -20 -86 70 -45 128 -122 40 -10 -118 95 -180 -150 -131 -39 -42 190
41 -39 -25 -57 -48 -84 -180 -38 -16 -109 -199 -63 -157 162 -117 139 -153 55 -83 -138 -34 20 142 -149 -122 -102 11 -147 184 -129 -169 -61
40 -174 -124 -8 -175 -196 -41 38 173 -99 -13 -59 -5 -114 -80 -131 121 -24 -102 -156 -147 -75 -2 200 142 3 -78 -16 -97 -120 -76 -68 -79 -123 -176 -166 -108 -21 -31
73 -114 193 -173 13 -183 -67 -66 -108 -28 181 -199 -12 -157 -29 -59 -180 -162 -182 -2 -39 -170 -104 40 -35 -120 -50 -137 -178 37 -130 -138 -87 -112 -79 -196 -123 -45
1 -13 -66 -82 117 -173 35 -15 -57 -68 126 -14 -121 -71 -144 -163 -97 -145 -75 84 -25 -198 -141 -67 -59 -45 74 194 -120 146 -54 -70 -21 -17 89 53 -58
64 53 -120 -136 -28 -22 -113 -29 -99 -177 -148 69 -188 -152 -3 -101 185 -98 -88 150 -80 157 35 -155 -142 -197 146 -44 -45 -118 -54 -94 86 12 -79 -111 -163 -135 162 -171 -141 187 -106 -73 -76 -5 -110 -57
5 -42 -153 -76 -79 197 -43 -9 -167 -145 6 -54 -175 98 -63 -77 -69 -60 -109 -94 -55 146 -50 -20 183 -52 -17 -49 170 103 -192 169 -190 -110 -93 -90 -86 -37 -40 -116 -160 -84 -89 111 -62 -198
28 -34 -40 3 -32 -106 13 176 30 -16 38 -167 -144 -128 -161 -76 -111 -59 -4 -152 -126 -5 -179 -177 -94 -112 -98 -9
136 -72 -42 -13 -109 -4 -122 -34 49 -30 -118 -16 193 -120 -41 -69 -175 165 -188 -76 79 20 -44 -84 -48 -39 87 146 -179 -178 -68 -149 -185 -61 -189 -199 -8 -37 -129 -80 115
186 147 -149 -182 151 69 -89 -127 -188 -58 -83 -40 185 108 -138 -192 -12 128 -48 -119 -28 -183 -31 -111 -70 -98 -103 -45 -158 -101 -145 -199 -86 -114 -96 -56
77 -125 10 147 -190 -1 -61 21 164 -165 184 -156 -103 -177 161 -89 -131 -167 120 -111 -119 -155 -63 118 174 -34 194 -142 -117 49 -43 -81 -5 -101 -180 -25 -50 -196 37 -62 -187
94 -53 155 -187 145 36 -188 -34 -83 49 -166 138 -67 -77 -178 78 123 182 -129 19 -99 -148 -153 -50 174 5 -95 -198 -88 149 -147 -14 -140 -37 -90 -163 -195 -43 17 -57
86 -192 -74 -40 -141 -162 -18 -128 -118 -6 -158 -44 -189 -46 -140 200 -88 -144 -126 -26 -14 199 15 -63 -130 150 -2 -149 117 -70 -99
27 -112 -26 -120 -134 75 -164 -147 -146 -65 -76 -88 -87 -114 186 -158 -160 -14 -136 -109 -71 -149 -130 -113 21 85 196 -62 -152 54 -82 -123 -50 -35 -33 -80 -28 -11 184
78 -105 -132 -186 171 -68 10 -114 -47 -166 -113 73 -75 -97 -128 -41 -57 88 62 -92 -25 106 -196 46 150 193 197 175 -123 -199
198 -120 -76 -105 107 -43 -122 -197 -31 -7 -61 -114 -33 -29 -48 -134 -113 -165 -157 -121 160 -103 -95 -133 -179 -17 -14 -138 -112 -200 71 -49 -129 -3 -125 -132 -87 -167 -118 -151 -38 -92
188 -108 -173 -59 -67 -126 -189 -196 -68 -55 26 -152 -77 -181 -18 -160 -164 -175 47 87 -4 -65 153 -102 -144 -187 17 -107 51 -98 -20 -120 -58 -25 -81 64
172 -176 -81 -175 -20 -140 -48 -173 6 -31 -80 -164 -78 -133 -189 -100 -2 -162 -45 -115 183 -97 -145 -103 -107 -61 -50 -119 -198 -135 -26 14 -29 -57 -79 42 -83 -69 181
146 83 -182 -7 -168 178 -153 -166 -151 -26 -3 139 -179 -46 -176 -43 -187 141 -30 -140 -121 24 -174 -115 -22 -177 6 -21 65 -132 -42 -44 -68 -180 -41 -34 -55 -92 -29 116 -159 -165 -51
18 -200 185 -47 -189 -93 -108 -161 -176 -121 -99 -50 -95 134 -27 -31 -4 -157 174 -88 -39 -59 -111 132 -149 -103 -112 150 -191 -23 -143 -86 -2 -28 -46 -180 41 -159 192 -142 125
90 54 -69 -145 -132 -80 -125 -46 -159 -144 44 -177 -111 -31 124 123 -126 52 184 -136 -168 41 101 -128 -74 -60 -91 -70 -37 -6 -116 -29 173 -112 -62 -147 -66 -140 -61 -100
21 -81 -103 -27 -177 -70 55 -4 129 11 -57 -194 -92 -50 -71 -158 -110 -157 -42 -51 182 174 -130 155 -63 -99 -67 -66 -109 -175 -96 -108 -148 13 -188 -153 -102 -14
67 -76 -19 -197 -46 -137 -161 -85 -90 -126 16 -50 -65 1 -175 -94 -3 -74 -18 -181 -60 180 -26 -150 62 -166 -185 -104 -132 -110 -82 -93 42 -113 -57 176 31 -196 -77 155 -149
139 -130 -143 16 9 -65 -60 -5 -118 -35 -134 66 -43 -104 -136 -146 -82 57 -53 -7 -33 197 -200 -167 -152 -74 113 -106 -120 -117 -56 -54 -14 -148 -77 -86 -174 -41 -2 -15 -121 -12 21 -108
119 -123 -48 -194 183 138 -50 113 -171 -19 -9 31 152 -110 -198 -10 -74 -174 -162 -118 155 -54 -78 -45 -90 148 190 -159 14 -77 -121 -156 47 11 -169 -192 -18 -1
8 -148 -131 36 81 -20 -57 -75 25 -112 19 -121 -177 -98 -190 -195 -17 -9 -56 -91 120 24 183 -114 88 -12 -101 -1 -193 -137 -63 -163 -22 196 -122
139 -1 -20 -186 -89 -189 96 -141 -87 -6 -68 -187 -163 -159 -86 -134 -137 -154 -122 -8 -69 -155 -172 -145 32 -169 -117 -168 -22 -121 -91 -37 -94 -99
43 67 169 -7 131 -140 -114 -40 -71 60 -48 -94 -129 151 -125 -136 -170 -95 -162 193 -92 -36 -126 173 91 -75 -90 -120 -46 -118 -12 -144 183 -74 -34 -194 -116
116 -104 -135 -73 -173 -75 124 -153 56 -70 -94 13 166 -101 194 -138 -189 -97 -154 -128 -78 -20 172 -161 -152 186 -50 -88 -64 126 -77 -55 -106 -7 -3
83 169 -53 132 -131 -155 -66 25 -129 -145 -189 -46 -149 -181 -115 -171 -13 -11 -117 -17 -195 -137 47 48 -178 -166 -97 -26 -147 -170 -69 -110 -77 -158 -49 -107 -54 -38 -96
104 -5 -83 -131 -116 -10 63 -81 60 -120 -127 -39 -90 -52 -136 -33 -49 -186 -47 177 -182 -125 -12 1 -80 -197 44 -158 -146 -121 -64 -35 -14 -122 -113 148 -48 31 200 -199 100 -187 192 144 -153 -141 -96
81 -152 -95 -200 -196 -142 -198 6 -68 -91 -63 -75 -124 -1 -169 -74 127 -137 -32 -140 -86 -69 -197 -90 -136 62 -132 46 -77 83 71 -171 -44 -82 -25 -94 -92 -178 -183 -102 -184
182 -12 116 -41 -81 -82 181 73 -190 -154 195 87 98 -2 -33 -188 -49 36 -139 -24 -170 -27 -6 -132 129 -115 -26 18 -45 -91 -168 183 -3 -16 60 -59 -194 -174
52 -171 -61 142 -87 -111 -120 -141 46 -35 -124 -69 -91 -29 -62 83 11 -40 -70 -17 23 -5 -101 10 -176 -194 -147 138 -193 -177 -22 149 -135 -3 -50 -195 -51 -43 -132 110 -86 44
105 -114 -175 -4 -148 -119 -51 -40 -191 -10 -137 61 -29 -180 -55 -159 -71 -195 -6 -189 -152 -9 -129 -109 -98 79 -194 -197 -132 -73 -41 -37 -53 -25 -135 -117 -163 -155 -147 -96 -182 -127 121
175 -194 -167 -148 -188 -10 -103 -187 -195 2 -91 -166 -83 46 -37 134 41 -120 -54 -12 -179 -68 -82 -169 -115 42 -155 -176 -200 137 67 -161 -165 -102
196 -87 -147 38 -159 31 -68 -70 -145 35 -33 -143 -120 92 -81 -109 -18 118 -177 -65 43 -39 -7 161 -91 -85 -181 67 -95 -190 -121 -176 -165 -116 57 -182
125 -83 -153 -44 -87 -200 -94 -106 -79 -73 12 -110 -18 -40 -157 -193 -36 -76 -6 59 25 134 -170 1 175 -75 -96 -55 -105 145 -159 -178 -111 -167 -74 -99 -64 -165 -23 -160
113 -157 -170 150 189 -51 -37 32 86 -128 -13 -194 -22 -195 80 -172 -17 -151 -182 -68 -178 -83 -183 79 -181 -55 -96 -78 -43 -163 -192 -153 188 -61 -132 -14 -103 -141 -4 -58 -147 -28 -57
58 79 -53 -108 173 160 -103 -85 -109 -41 -165 -56 -107 -147 -102 152 -141 84 -8 -158 -114 -100 -78 -135 133 -168 -92 -179 5 45 192 15 -143 -54 -69 -178 -94 -23 -99
80 -164 -169 -9 -85 -148 -5 -26 -49 -25 54 53 106 -17 -180 -32 -163 -72 -13 -95 89 -69 -27 -31 -81 43 168 -135 -23 -193 -154 -140 -188
83 -68 158 -29 -130 -11 -3 -85 101 -104 -81 -78 -177 -156 65 -195 -57 21 -75 89 -107 -26 -182 41 -55 -189 -134 -176 -173 -63 115 -122 144 -106 27 -96 -19 95 -180
128 -165 -98 -74 -155 -79 -68 -133 -67 -163 188 92 -185 -194 -63 -39 -89 -101 -17 147 -78 76 -29 -37 -88 -48 -9 -41 25 -8 -174 -129
138 157 111 -135 -133 -46 -183 171 155 -82 -96 -153 -75 -66 156 -149 -15 -118 -73 -34 159 -194 2 -103 -151 -129 -91 -114 -54 -94 143 127 -81
171 150 -88 -49 -137 180 -99 140 -148 -190 -111 81 -64 -78 -86 -166 32 7 -17 -149 -22 -124 -123 9 -95 -56 -43 -106 -127 -100 -91 -179 -6 53 39 -4 -35 176 -128 -167 114 -71
20 -52 -180 194 129 97 11 -187 -101 -47 92 -70 -198 -69 -133 -128 -32 -50 -130 -197 106 -90 -174 3 -63 -178 -110 -13 -115 80 -175 -176 26 -65 -75 -117
176 -22 24 -9 -13 -108 -43 -103 -143 -68 -131 101 -67 -196 -8 7 -195 -14 41 -150 -147 -178 -10 -184 148 -165 -85 -140 -180 -94 -36 190 -26 62 -66
91 -152 -86 -12 -147 -20 -32 -84 100 -116 -23 -70 -111 101 -107 -16 -82 180 -51 -115 -5 -75 126 -159 -95 -45 162 -19 -21 -128 -49
115 -140 -52 69 -200 -58 -97 -48 -17 46 -137 -103 -180 -197 -116 -107 -149 -81 -64 127 -96 -126 -185 -62 -10 -53 -67 -184 -70 -176 -159 -13 -65 -163 -11 130 93 -128 -106 -16 -73
98 -152 -45 -184 -140 -11 -130 -8 -120 -16 -96 -83 -52 -164 51 188 -76 -10 147 -2 68 -31 -53 148 -133 -95 -103 -171 109 -196 -97 -24 -38
63 -20 -85 -199 155 -162 -56 -50 61 -142 -123 -28 -159 -94 96 -185 -176 -25 37 -7 -118 -16 52 -140 160 -74 -45 -121 -158 120 -91 -54
92 -139 5 167 -60 52 -112 13 62 -181 -186 162 -55 -116 -32 -149 42 -150 -129 -29 -22 -172 -133 -85 -124 -76 -177 -118 -161 111 -77 -8 -90 -64 -130 -180 -147 -194 100 -127 195 -138 -110 -7
52 -115 -177 156 31 -159 -163 -40 -66 -76 -34 -195 -107 -20 -33 100 197 -73 -88 150 -48 -9 134 -123 -50 -126 172 -112 39 -16 138 -11 60 -36 -113 -139 -26 25 -149
159 -164 -42 96 -25 -50 -78 -15 -142 -76 -198 -83 -58 -53 -101 -9 -143 -94 -90 -32 -87 -194 -126 -132 52 -6 -135 -172 -48 65 -64
127 12 113 -191 -138 -65 -97 -200 -92 -156 -120 174 -2 -79 -34 -180 -9 -194 -172 -168 -102 -107 -96 -182 -151 33 -99 -76 -46 -47 -111 -144 -20 -58 -187 -134 -48
31 -123 -169 -191 187 76 157 161 -111 -75 -67 -68 -73 -5 -79 -107 -176 -167 -166 72 -38 44 -108 -188 -174 37 -3 -106 -181 -25 -93
88 104 -130 31 -48 -163 109 -56 -77 -51 -162 -181 -156 -65 40 -131 -6 -134 -25 50 -45 -10 -125 -99 -166 -38 -32 103 -143 -155 -49 -18 85 -127 195 70 -23 -8 -64 -12 -36 126 -122 -71
86 -149 -177 -115 -46 -118 47 -50 -91 -38 -154 -195 -183 -85 -4 -11 -55 -117 43 -1 -12 -78 182 -2 -184 196 -7 -192 102 -42 -119 62 19 -84 -49 -142 -197 -167 -79 -14
24 -133 6 -78 -40 -137 -149 -122 112 -197 48 -102 -156 111 -65 -192 -154 -189 128 -171 -108 -79 -187 -39 -182 -49 -148 110 -158 -86 -68 37 195 -130 -107 85 87 -80
78 -40 -9 -139 -25 -155 -13 -164 -46 -135 70 -171 -113 -126 195 -114 -29 -76 -198 23 -199 -193 -124 -183 -36 -71 45 143 -68 -94 -81
40 -105 -152 -95 -162 61 59 -112 -91 -119 -90 -195 -154 -131 -103 -115 -138 96 -102 74 4 -69 -6 -77 -38 -30 -190 144 -141 182 -163 -135 -27 88 -15 -181 120 -149 -70 -66 -116
153 -164 -171 -106 -161 -104 135 -200 -109 -196 98 -12 -162 -138 -18 -86 -74 -7 -29 -77 -144 -133 -175 92 -177 -79 -94 16 50 -183 -136 -84 68 -45 -190 64 39 -137 -194 -156 -127 -108 -46 166 -118 -192 -129 189 -3 -34 -14 -62 -169 -124
9 -83 -109 -102 -167 -159 49 -111 -94 -12 -31 195 -176 -71 -127 -175 -58 -108 -140 198 -54 -143 -18 32 -144 -92 137 -148 -27 -19 -14 -82 -147 -60 -161 -166 -79 -145 -163 -138 -105 -188
71 -24 30 -28 -23 -79 -165 -190 -17 -132 -173 -15 -53 -182 -188 -60 76 -159 -94 -144 -87 -34 55 -19 -151 -92 -138 -8 38 -158 68 116
198 -92 -61 -101 125 -33 44 -69 -38 -96 195 -4 -72 104 -28 -91 -2 64 89 -133 -63 -76 -163 -58 -26 -146 -182 -30 194 -14 -100 -121 -147 -108 -10 -57 -41 -21
35 -129 -92 -88 200 -143 -195 -124 -171 62 -63 -168 -140 167 -19 -46 -102 -113 -183 -161 -151 -169 -149 -166 -105 -36 -90 -51 -10 22 -172
68 -64 55 -72 -200 -43 -158 170 131 -82 -60 117 -139 191 -160 -123 -199 190 107 7 -125 -90 -132 -175 180 -198 -173 -152 -130 -136 -143 -5 -36 164 -189 -14 -119 -106 -27 -187 -113 -100 -18 -126 -57 -17
18 182 -69 -174 -155 184 -59 105 -56 -192 197 13 -15 -70 -62 -85 -81 -148 -165 -145 -177 -91 -176 -199 -12 66 -43 -16 -170 -114 -4 -162 -179 -2 -47 9 21 -28 -77 -96 -108 -100 -30 -3 -195 -171 29 -58
13 139 -98 -136 -108 -7 -168 -25 116 -37 70 104 -105 140 -161 -90 -20 -10 -86 -188 -95 -150 -82 -192 -26 -49 137 -148 -135 -174 172 -41 -154 -9 -183 178 -101 -17 -134 -127 -149 -187 -89 180 -65 88
199 133 57 -153 -4 -193 -184 44 -54 -113 -47 -72 -154 -127 -190 -186 -152 -191 -140 -58 -146 -109 -125 -81 -173 -14 -21 -131 40 -118 67 -27 -170 -93 -197 98 -162 -22 -167 -114 -65 -171
9 -46 -104 80 -146 -78 -38 -62 88 -133 -71 -157 20 91 141 106 -28 -89 -25 -128 144 -148 -77 -64 -111 -149 -61 -186 -15 -2 -196 -119 3 11 -23 -155
3 -13 185 -122 140 -98 -53 -123 -150 -183 -5 -180 -195 -28 -65 -192 179 -120 -186 -111 -83 16 73 -184 -173 -72 -84 -144 -99 -147 -172 -91 -156 -43 -168 -115 -145 -94 -116 -105 21 -121 -153 -198
160 56 -46 126 -111 -80 -172 -45 -200 -95 -62 -102 -65 -72 -42 -124 -165 -24 114 -136 -63 -139 -159 -13 78 77 -66 -19 185 -71 -18 -143 -44 106 -193 -181 -182 -122 -129 -140 74 -169 -131 171 -148 -98
68 -120 12 52 -31 -57 -151 -117 136 -73 14 -77 -161 -188 -194 -85 181 -83 -35 -16 34 26 -13 -79 -153 -116 -8 115 21 119 145 3 157 -133 176 -174 -155 -30 160 -43
184 -81 -65 -103 -167 -127 88 -53 -181 -66 -164 -97 143 -50 -117 -198 -137 -128 -15 -120 -8 -107 92 -150 -1 -3 -147 -60 -43 -140 -33 -59 -28 -169 -114 -77 85 48 -93
116 -9 -59 -36 -13 -159 -167 -90 -150 -169 -127 -61 58 -144 70 -175 -101 -186 -117 -83 -148 -71 -196 -88 -115 -31 -178 -41 191 172 176 -119 51 -56 -16
20 199 -64 83 -143 -111 -191 -114 -167 -157 -65 77 -81 166 -38 -15 -27 -23 -9 35 -17 96 -175 -7 -159 -12 -100 -99 -94 51 -170 -117 -128 -150 -110 -112
42 -101 -145 -47 -37 -155 -127 -35 -108 -200 -15 -102 -109 -55 173 188 180 -133 198 -103 -123 107 -99 -86 33 -116 -98 -61 136 -90 -157 -165 -137
161 -113 -37 -177 141 -49 -98 1 -52 -81 -103 -7 -118 54 -39 -32 -168 -169 -192 166 -149 185 -35 -95 -167 -74 -36 -175 -105 -48 -5 -20 -145 -85 40 -45 142 -140 -123 -102 -9 -111 42 -164 -43 -47 -87 -176 -109 -180
56 -199 78 -189 -42 -135 -163 129 -53 -123 -195 -21 -4 -41 -171 -31 -184 -196 -119 -5 -85 -167 -138 -164 -68 115 -112 -33 -7 -6 -44 111 9 -155 -17 -178 -76 -39 -72
193 -74 -100 -126 -158 -177 13 -131 41 7 -94 -112 -134 -47 -115 -64 -81 -40 -91 -57 166 -39 -125 -99 -117 -76 -170 -2 195 -150 -194 -89 -186 -95 -51 130 -4 79 16 -33
7 -177 -56 -62 -55 -80 -25 -123 -143 10 138 -110 -3 -2 -200 -125 -187 34 -132 -77 -169 -30 -64 -104 -22 -68 -76 -5 -191 -175 42 -16 181 -9 109 -162 -176 -12
145 -123 -101 -15 91 -86 -109 -122 -85 127 17 -185 -22 -50 -41 169 157 -132 -30 -9 -45 -48 -165 -121 -171 -141 40 -53 179 -119 -69 -96 -97 -58 -3 -155 196 -152 -6 -180
182 144 -70 -59 -2 -114 -101 -196 -98 -42 85 -61 -187 -184 43 -172 -168 34 -3 -192 -117 -86 -135 -143 -163 26 -159 -119 139 5 -160 -84 179 -10 -60 6 97
174 -36 -104 181 -83 -189 -71 -25 184 -182 47 130 -7 -105 -124 64 -100 -103 160 -33 -178 -163 67 -21 99 -141 142 -82 -109 -155 -98 -70 90 16 -169
182 -2 121 -123 -88 -54 -116 -78 -97 -156 -145 -175 -27 -57 -112 -157 -179 -174 -178 92 -49 -86 -48 61 -106 -147 -15 75 -165 -197 130 -188 -114 45 -195 -72 -196 47 -100 -71 -90 -63 -189 -117 -38 -162 -1
56 -156 -24 -115 108 -72 -30 81 -71 -18 -179 26 -140 -110 176 51 90 -165 -145 -128 -35 144 -200 -2 -105 -84 -74 -6 86 -146 -13
99 167 -43 -126 -142 194 -1 -61 -144 -200 81 -28 -68 -162 -104 -24 -90 -83 117 -15 -178 -64 141 -13 -124 131 -175 171 -55 -63 -130 -198 -150 -78 32 27 -9 -173 -11 -34
50 -97 -137 -117 -57 -73 -162 -163 -76 -113 -106 -51 -124 176 -155 182 -114 -157 -86 191 -173 -92 -21 -183 170 -160 -158 -136 -102 -193 -71 -36 -5 -188 -145 -128 151 -44 -16 -79 2 -89 -47 -140 -20 -196
182 -91 -72 -170 -20 163 -17 -39 -145 73 -66 -106 -52 -128 -86 -152 -29 -165 189 -12 -188 -7 -36 -98 -158 -117 -26 -180 35 -119 -14 127 -141 -95 -159 -184 -53 -38 -19 -43 -148 -157
192 110 38 143 -124 139 -200 120 -98 25 -161 -103 -1 -153 -149 -117 -126 -170 -36 46 -95 -81 35 -164 -82 -128 -78 176 -197 -52 -178 -177 -123 -194 -27 -41 -196
116 -109 194 -166 -185 -73 -15 -149 95 113 -138 -110 65 -124 -82 -18 -78 -140 128 -50 -114 -134 118 89 -178 -19 -58 -190 -54 66 -191 -63 -41 -173 -59 -28
183 -30 -187 -189 -155 -29 199 -156 -89 86 -81 -128 -46 -165 125 -193 -48 76 83 -13 -177 -110 -9 -58 -127 -10 -120 -181 194 -162 -17 -1 188 -175 135 -109 -85 -31 -107 196 198 -2 -117 -130 -98 -5 -139
82 -167 -45 -50 -151 -78 -55 35 -84 -38 -61 -63 -166 -172 -57 -13 -153 -181 -184 -108 -8 -178 -97 79 -134 -25 -28 -10 -95 92 -44 -12 -141 -18 -30 80 -48 -91 -103 -81 -143 -43 -68 -117 -113 -2
25 87 -143 173 -65 -24 -10 -34 -164 -18 -180 -138 -160 -52 -23 -85 -141 -29 104 -179 -111 -153 -129 -197 -159 106 127 -184 -123 -135 -194 -161 -166 -7 -152 -40 -195 -44 -105 -148 -5 -112 -64 -115 -124 -32
65 -96 16 -92 -93 -23 -37 -63 -128 138 -199 -103 189 -95 158 -120 -32 145 -116 -70 115 -166 -136 -152 25 -13 -165 -131 -60 -187 -147 159 -44 -164 -77 -50 -87 -89 -45 -54 -29 46
56 -150 105 -196 4 -157 -39 -51 -87 -27 -100 -146 -130 153 -102 -88 -64 73 -5 -188 -22 -174 96 -135 -55 -181 -60 -34 -15 93 -42 46 -82 50 -95 114 173 -54 -61 -83
66 -79 -83 -54 -180 36 -114 -37 -156 -199 -52 -150 -8 -127 -61 131 -176 86 -181 -126 -26 17 195 -133 46 158 -164 -165 -69 -71 -137 106 -67 -68 185 59 -9 -63 -197 -103 -157 49 -194
145 -52 136 154 -146 120 8 -152 -140 -134 -33 -72 -87 -114 46 -16 -107 -6 149 9 164 -188 58 -37 -61 -133 -119 -86 -184 -118 -169 96 115 -167 -18 3 89 -191 -34 -102 -185 99
66 112 -46 -104 -70 -198 -140 -158 -147 -29 -33 -90 -13 -74 -26 93 131 -169 -14 -71 -189 -134 -115 -57 -199 31 -101 -85 -172 -12 -65 -180 -41 124 -22 -23 -159 -8 -194 89 182 -60 -118 -120
97 9 -108 -85 -2 -15 -4 -67 -17 -90 -156 -16 -34 -59 121 -26 -125 167 -131 -158 41 -147 -163 -7 -3 -37 150 159 71 -30 -10 -182 96 -47
97 -181 -67 -145 153 186 -78 -128 -68 -118 -92 -15 34 -17 -11 -183 -163 106 156 -70 -62 -19 -60 -29 -22 -111 -79 -169 -164 -52 83 -174 -8 182 -120 -157 -1 168 -31
134 -136 -161 -84 -154 -172 -169 -75 -105 -22 -79 -80 -20 -34 -187 -173 -94 -189 -179 -141 -92 -86 -188 118 163 -182 -87 -32 9 -28 -78 -117 -131 107 -129 -74 -96 -145
131 -127 -56 -156 -1 181 -161 -120 -171 -115 -180 -74 -145 -28 -177 67 -113 106 141 -155 -188 -144 -32 -36 -57 -75 -182 -129 -49 -139 -116 -20 -30 -152 -125 -98 136 -159 -157 -164 -138 27
169 -60 126 73 -120 -152 26 -113 7 -95 51 -138 -187 -81 -110 -25 -128 -108 -93 -119 -88 -188 -158 -38 77 -162 -58 31 -111 -98 -177 -198 -186
130 -163 -26 -186 -148 -55 -14 -147 -23 -107 -151 -165 -25 -92 -178 146 -89 -28 -173 -154 -129 184 -188 -60 114 -43 -20 -195 -122 -67 -78 -120 175 -41 -13 199 -123 -21 35 -51 -179 -57 -76 -149 -194 -104 38 -155 2
186 -54 76 -147 -30 -101 -74 -34 -87 -17 -9 163 -133 -154 -38 10 -50 135 44 -52 -103 -198 125 -72 -71 -153 102 -142 118 -83 22 -35 -95
96 122 -145 -92 48 -5 -155 -138 -185 93 183 116 188 187 62 -91 -87 -153 -115 -15 -176 -142 -19 -84 -57 90 -126 -71 184
188 -189 -130 -166 -18 107 -92 -8 -193 95 -133 62 76 -181 -41 -34 73 -49 -196 -117 -39 -149 -195 38 -179 -191 -148 163 82 -124 -127 -116 -194 -53 -33 -10 -132 -157 -91 162 54 -142
59 -17 -47 -196 -66 -176 136 -53 -134 -33 -110 -68 -82 -26 -49 -195 -133 -27 94 -62 -111 -67 -70 -65 -147 -13 23 80 -12 -30 -71 -103 -1 -130 102 185 -97 -148 -142 -154 -118 -167 -19
104 71 -199 -45 181 -34 -130 49 -96 -3 -146 -38 -92 -18 -32 -23 55 -24 103 -194 89 -26 16 -12 145 -153 -30 -64 -1 -63 -144 -21
96 60 -69 -101 -50 -148 112 -99 -82 152 -72 -172 -30 150 -98 -1 -88 -191 51 -199 62 -149 -71 -145 -43 -14 182 -174 -106 -66 -78 -97 154 138 -90 197 -153 -107 -42 164 -116 -70 -47
3 -31 -187 -156 200 -186 -17 -170 -37 -131 -35 -93 -67 -129 -81 -86 -117 -161 -21 -143 173 -95 -28 176 -53 -165 96 -65 -14 -8 -55 -169
200 -40 136 165 168 -175 -63 -11 -103 20 -199 102 -7 -152 -25 -115 111 -72 -67 -51 -65 -144 -87 -108 -52 -190 27 -9 -153 -29 -173 -2 16 -194 -54 -104 -82 -21 -117 196
102 -34 -164 -88 -145 -118 -131 -31 -90 -87 -41 -180 -33 -45 -106 105 -37 -199 -58 76 -98 -198 -163 -44 194 -168 -113 123 -52 -56 -24 -10 -188 -77 -103 -47 -7 -5 -94 -13 -28 -175 -51 -2 85 -159 -130 -70 -110
27 146 -198 -127 -129 -86 -132 -172 -18 -95 -157 -7 -4 -99 -161 -149 -30 -17 -187 20 13 121 -46 -72 188 -160 -14 -156 -173 -181 -81 -100 69 -54 -168 -24
39 -85 -198 47 -56 149 -67 -124 65 -91 -40 -156 -25 -153 -120 -101 -182 -170 43 -140 -71 123 -193 -177 188 -194 -13 -95 2 176 -110 -134 -24 42 94 59 -154 -143 49 -88 -117 -37 -171 -73 -77 159
159 -26 -65 -193 -152 37 -35 142 -45 -92 100 36 -196 -71 -167 24 -170 -1 -132 -119 -72 -77 -154 -111 -191 -33 182 -163 -147 166 -199 -198 -91 -95 -173 -28 -12 -125 -168
155 -87 -52 -79 -24 -130 -176 -65 -80 -162 -68 -28 42 -16 -180 -6 165 13 -163 148 -140 -60 -142 139 -23 -133 -32 -81 -47 -63 -89 54 -144 -58 98 -186 -160
104 83 -111 -66 41 -37 -59 -24 -168 -14 130 -119 -50 -47 39 -165 -198 -126 -127 -148 -196 -99 -160 140 -10 -129 -106 -19 -78 194 84 -93
