20 -35 -137 -170 -118 -74 -145 -139 -77 -28 -112 -15 -59 -191 10
171 190 46 -134 -32 -31 -142 167 -199 -2 -50 -163 -183
51 7 -109 135 -76 -93 -181 107 -62 -57 -92 50 -2
135 -183 -198 -155 -156 -37 -69 -49 -100
2 -130 -197 182 4 -33 -142 165 190 -102
39 169 -100 -109 -167 -195 -26 -66 -154 -78 -106 -96
126 -34 -159 128 -164 -10 -170 -79 -175 -26 190 -59 -25 -118 -52 19 -33 -184
102 -188 -74 139 -92 -21 5 -27 -162
92 -151 -33 -86 126 180 -160 150 -37 -189 61 -174 179
180 116 -136 -119 22 -95 -65 -145 190
77 -176 -109 -163 137 -153
44 -163 -91 -193 -10 69 66 -22 -45 -85 154 57
147 -139 -35 -48 -133 -45 -1 177 -125 -44 -6 -108 -25
98 -57 -111 -161 185 -105 -2 110 -69 -200 -31 -34 9 -101 -33
151 -50 141 -198 -168 -113 -3 -71 35 -102
139 -30 -194 -1 134 -106 -66 -161 -197 -64
132 -186 -24 -129 -138 -118 -13 -46 -111 -104 -62 -182
189 -181 -186 -192 -179 -77 -8 153 -98 -74 -169 -109 -35 -131
102 -101 -141 -18
182 -23 -184 -38 -21 -158 179 -39 99
104 -177 -52 8 -73
178 -198 -82 -59 -15 136 -183
74 -49 -51 -1 -25 61 124 -62 114 -96 -13
170 -191 -67 -61 156 173 -104 -188 -130 -53 -38 -157
177 -171 -16 -62 -37 66 -161
110 -142 66 -163 -4 -31 -152 61 -95 64
54 -196 -103 178 -14
69 -197 -88 -1 -119 -175 -145 -198
162 122 -19 171 -67 -42 -175 -70 123 -187 -97
127 -174 -34 -128 -15 -5 -170
161 -74 -89 -69 -31 -172 -59 -141 -189 -97
143 16 -179 -97 -49 -167 -11 -148 -105
100 -177 125 -134 127 60 -119 19 -200
12 -106 -163 -164 -53 -7 82
38 -3 -92 -152 -43 -6 -140 -2
114 -80 -3 -157 61 -6 -14 -195 -146 -108 -174 -168
107 -24 -5 -192 -129 -66 -159 -100 -178 -138 -117
96 -40 -97 -180 170 -9 -52 -171 -17 -185 -4
83 -145 193 -130 103 11 -41 -195 -98
108 -124 -114 68 145 -9 42 -200 -24 17 -168 -186 -92
184 -12 -159 158 -28 -148 131
123 32 -199 -187 -70 -170
15 -79 -192 114 113 -128 -17 197 7 -181 -38 -46 144
43 -62 78 -70 10 -169 -111 -56 138
145 79 -109 -153 -139 -12 -131 -53 -198 -14 -26 -164
77 -29 -189 -52 -179 159 71 -150 86 -151 -13
116 -2 -34 -101 -178 -14 195 -140 -85 -155 158 -128 -129 -182 -165 -31 -185 -104 -105
158 -18 -124 -146 -145 -159 -115
135 -183 -57 -31 -44 -119 -10 -87 -194 -118 -178 -15 -46 -64 -168
56 -1 -98 -25 -151 83 -27 -75 -199 -137 91 -63 -106
146 -41 4 -197 -95 -22 -180 185 -196
194 -47 83 -114 -23 197 -7 -106 -27 -63 -80
128 -105 -41 -19 -100 -95 -115 -28 142 32
140 -10 108 -7 -59 168 17 72 188 -97 -26 -61
60 -117 -91 -19 12 -97 130 -90
147 -165 106 -167 -88
114 -117 -145 -175 -200 -105 -146 -199 -30 -104 -109 -91 -152 -51 -52 124 -48
43 -173 121 -127 -200 136 -35
100 -180 27 -58 -12 -30 -44 -49 -184
19 -171 -133 -177 9 -188
124 -46 -23 179 -13 -149 -129 -11 71 -5 -9 -138
179 -16 4 -83 -53 -59 170 -40 -79 -169 -48 -11 -121 -58
33 -13 -141 89 -67 -186 -46 -200 -53
25 -43 145 -52 -74 -2 -187 -79 65 -111 134
110 -68 -79 -52 86 147 -138 -156 -198 -30 -65
51 -6 167 -57 -77 -180 -33 109
82 -141 -153 109 -33 -99 -4 193 -107
41 46 -173 -136 -70 -89 -188 -178 129 -90 -190 -50 -157
149 -28 -34 -77 129 35 -121 -178 -153 -45 -95
153 -116 -13 -140 -35 -81 55 59 -39 -113 -65 5 -47
190 -24 -25 -52 -66 -32 197 70 -90 -63
52 -10 -19 -172
105 168 -159 -52 195 -185 -147 43 -155
88 -95 -79 -177 -163 -154 -121
34 -175 -73 62 -12
78 -142 166 -111 -5 -84 -171
39 -186 126 -174 115 -68 -176 -56 -78
50 92 -135 -150 -63 171 112 -80 -165 -90 91 -176 155 5 -21 -103
194 -106 98 -193 -175 28 19 -117 -18
171 -6 -2 24 -116 -186 100 -87 -138 181
162 -159 125 -21 -117 -95 183 8 -75 -151 -155 -171
20 -104 -86 198 65 -100 -190 -192 -74 -114 -57
86 -191 -128 -156 -82 -58 -173 -200 -87 -75 -49
145 -15 -36 -30 -157 -34 2
193 -160 -159 -20 -52 -185 35 -108 -75 -105 -128 -155
69 -76 -75 -71 -84 -78 -187 180 -193 -165 -43 -56
55 128 -86 -129 -69 -50 -92 -190 -59 -72 191
137 138 -104 -159 79 -75 162
46 -187 -48 -44 -59 -61 156 -12 -120
171 66 160 -139 -103 -24 -51 -99 -123 -17
166 125 -152 -46 -156 -151 -36 -25 54 101 -86 -57 -29 -6 -26 136
159 -148 -82 -140 -164 -13
100 -199 -46 -50 -22 -7 -44
117 -161 -68 182 -37 -59 79 134 -12
195 -156 -197 -189 -28 -10 -166 -118 -110 -146 -2 -135 -23 -75 -46 -56 134 -8
10 -94 49 37 -67 -18 -59 -66 -105 51
150 -19 -190 -1 105 -48 -149 -147 -102 -82
30 -141 153 -126 -72 -124 -155 -75 -22 -104
6 -141 11 -133 -83 -46 -200 -79 -47
64 51 -101 -116 -187 -31
15 -179 -43 -76 -21 -17 -142 189 -192 -30
29 67 -62 -124 -161 -193 57 -141 -40
154 -67 -173 -171 -45 -96 -170
7 -198 -49 -86 -57 -18 6 -145 -100 39
182 -57 -54 -137 -26 -112 -7 -199 -157 -59 -102 98 -167
161 -171 -61 64 -19 -138 -103 -109 -146 16 -196
14 -134 -35 75 -190 -49
66 -62 48 -55 -182 114 -120 156 -80 -36 122 -73
118 -41 -102 133 -30 -75 -161 -65 -47
70 -44 110 -45 99 -162 -114 -191 -177 -102 -123 -8 -113 -14 -57
184 -174 -98 -15 -169 -172 -176 -111 -142 145 -26 -66
86 23 -174 -29 -103
129 -39 99 176 -157 -35 -32
173 -132 -133 -185 -184 -4 -154 -160 -152 137 -105
52 -66 -149 -13 -56 -61 -96 -162 33 -181 -4
132 -154 57 192 -3 -160 -161 -40 -138 -163 -2 -4
100 -184 -52 -105 -138 -44 98 -74 30 -87 -40 -27 -141
195 -75 -134 92 -29 39 -100 -6 -79 -14 -62 -182 108
148 193 -59 -74
179 -34 30 -199 -57 -104 -81 -43 -2 97 -20 -127 151 58 162 -138 -90 93
4 -194 107 92 -58 48 -113
105 -107 -48 -1 -9 -139 -120 -61 -118 54
194 99 -46 183 50 -124 -30 -80 -85 -24 -40 145
198 -39 -48 -169 -12 -120
20 -86 -181 -50 -54 -196 -142 -82 159 129 -26
169 -46 -69 -172 53 121 200 9 -114 -159 -3 -77
55 -24 -87 -124 -133 70 -148 -195
181 -6 -41 -158 -53 -176 -28 -85 -163 -81 -96 110 -29
181 -173 117 -157 -179 174 -51 -132 22
81 -151 -132 -62 15 -77 129 74
27 174 184 -80 -15 -53 -187
55 11 -193 -60 -84
59 -12 -58 -138 -56 -148 178 -15 -143 -103 -166 -131 -62 -158
44 -127 -81 -104 -6 -155 -181 -33 26 24 25 -61 -36
32 -86 109 -100 -58 -186 -180 -146
133 -113 -167 -87 192 -52 -107 -47
87 -20 -78 -187 92 -62 -195 37 -58
123 -166 -81 -137 -33 -148 -144 -146 -53 -151 -10 -96
110 -7 -95 -55 -62 -33 77 -130 -173
5 -7 150 -169 -164 -151 -139 -6
12 -56
199 -167 -200 -65 -75 -69 -149 -101 -5 -28 -120 -134
13 161 -118 -140 -192 -36 -176
82 73 -185 164 -44 -8 -92 -41 -6 -113
8 94 -130 -80 -42 -3 83 -10 -91 -24 -168 -61 -51
105 -164 -122
161 -106 -127 -64 -13 -120 100 -124 130 -194 164 -189
45 -16 -88 -162 -114 -22 -44 -171 182 174 -137 -39
13 -182 -188 148 -158 -185 -162 -69
72 -158 -10 -177 -75 24 153 -172
85 -124 135 -10 -198 -159 -38
51 -133 -38 -4 -36 -50 -153 52 -2 -127 -88
99 -78 -95 -7 -128 -94 -62 -200 -192 -114
57 -47 -180 -40
195 -51 164 -52 -172 79 -138
195 -92 104 -167 76 -96 -178 10 -119 36 -21 179
197 149 -100 -136 41 198 -120 -31 -177 -188 -48 -45 -191
6 -169 -133 -123 -18 -58 -112 1 -73 98 121 -70 126
40 -39 65 -32 -54 166 -133 22 -12 -180 -116 -59 -152
50 -147 -96 -129 -3 -58 -6 -190 -15 -48 -168
33 176 -125 -62
135 -42 -63 -148 -159 8 -127 21 -33 -66
121 173 -187 1 -6 91 -70 -25 -189 67 43 -182 -176 -62 -140 -192
83 -127 -44 -62 -20 -49 -85 -18 -147 200
127 -163 -156 -27 141 -123 -97 -93 194 -62 -29 -77
38 -128 -73 -186 -55 -135 85 183 -155
58 -57 -151 -52 -33 -89 -192 -74 130 -32 -99
12 151 -30 19 -136 -167 -113
47 -60 -186 -180 -72 147 -44 -41 -85 -11 168
118 -170 -75 10
131 -78 -141 -146 -94
168 -147 -84 150 56 -152 -129 -194 -130
16 -194 159 -151 -95 -52 -131 -7 -49
18 -117 121 -148 -118 56 -144 -106 -68 -165 -89
10 -125 -176 -138 -59 16 142 -127 -58
133 -42 -29 -192 15 -40
27 -174 -25 -168 -41 -44
36 -119 -110 -200 -188 -167 -176 -11
79 -49 -73 -196 -21 -20 58 -134 -36
60 -37 -27 -83 68 -78 -38 -114 -140 -188
158 -73 -156 -42 -180 -78 -25 -28
144 -128 -113 -109 -58 -70 -180 -81 -78 -123 -35 -46 -13 184 -177 9
61 153 88 -133 -110 -60 -105 -124 -14 -104
112 -185 -199 -168 -97 -18 -118 -162 89 -25 -65 -54 -171 -5 93 -24
72 -163 -69 -175 -86 -25 6 -118 -75 -36 -77 -167
197 -39 31 -44 -101 -153 -12 -165 27 -129 -94
71 113 -83 139 -15 -131 158 -46
126 -179 -15 53 -175 51 -92 58 -21 -196
60 -141 -24 9 -108 -167
190 -164 137 -92 -179 -144 -146 -175 65 -160 33 -18 -115
141 -91 -103 -1 -170 11 -116 -29 -20 -175 25 -93
142 -14 -81 -121 -166 -71 -103 -31 -93
131 -117 -35 -110 -25 -170 -85 -81
119 41 -174 -197 31 -48 -53 -161 -125 -105 -60
199 -148 -62 -140 -141 -74 114 -81 -19 57 -186 -153 -4
12 -58 -107 -118 -183 75 -177 -46 -196 -52 -40 -44 -121 -164 -106 174
66 -32 -189 -40 -184 -94
80 151 -41 83 -173 -126 -138 -157 -118 -132 200 196
180 -91 -149 -43 -157 59 -147
109 -100 -163 161 -15 -153 -56 -96 52 -71
