122 -163 -13 -50 -97 -16 158 -23 -191 28
80 -14 -3 -64 -116 -152 -47 -5 -35 -95 -2 -120 -84
15 36 -116 -126 160 145 35
152 -114 -116 -51 62 121 -38 -115 -67 -26 -195 -5
61 -37 -184 -30 140 -78 -8 -142 76 70
104 160 -140 36 185 -99 -134 -163 144 -13 -91 -66 80 -35 -158 -128 -118
3 -104 -153 -34 173 -105 -140 43 -93 -54 -139 -52
81 -18 145 -144 -110 -21 -162 -95
122 -38 -189 -182 -60 -40 -61 126 14
156 -1 -175 145 -54 -151 -170 -49 -12 -150 -44 7 -72 -96 -138 -95
61 -62 -169 -39 -178 132 32 191 -99
89 -133 41 -168 -196 -75 -45 -94 -159 -59 -34 -55 -141 -186 -124
143 -63 -23 182 -70 -17 -149 -92 -61 -147 -46 -115
27 -45 -118 -36 47 -192 -183 -107 -110
160 -133 -176 -30 -49 -101 -84 -188 -130 1 -43 -22 111 -131 -187 -200
148 -25 62 -32 -173 -106 175
38 -90 -101 40 -54 -43
164 -79 48 -184 -96 190 -158 -19 174 -104
55 -72 -60 -106 33 -97 7 79 -29 195 -53 -168
120 -82 -85 -137 125 -164 -179 -191 -1
156 -179 -101 -188 -81 -20 -78 -8 -162
93 -98 148 -159 -51 -129 -12 -10
52 -95 20 -61 -112
145 -123 -80 -127 -40 189 -17 -184 -71 -134 150 -37 -90
185 -181 -163 -50 -71 -184 -177 -7 -13 -193 -64 -191 23 -134 -91
125 -91 -45 -6 54 -7 105 -134 -111
131 -180 -177 -59 -8 117 -165 52 50 -186
128 -95 -1 69 -41 -53 -181 -79 -142
191 -46 102 -165 112 91 -176 -118 -128
65 -101 -117 -16 -120 -57 -59 -123 -109 -84 -168 -98
14 -49 -31 186 -2 26 -157 -192 -100 -47 -194
2 71 -197 -135 -42 -159 -53 -113 -167
138 190 161 -167 -66 -63 -139 115 -5 -67 -14 -7 134 -9 -162
75 -84 30 -14 7 -120 -47 -69
15 -182 -70 13 -113 -107 193 -58 -69 -1 -85 18
134 -185 -84 -91 -178 152 -156 -108 -179 -143
180 -137 -96 4 -9 -25 -94
152 20 -180 43 -151 35 -166 -24
20 124 -104 -113 77 -159 -70 -118 -6 -148 -186
154 -197 -116 -38 159 -102 -62 -176 196 -123 -117
177 198 -109 -53 194 -39 -51 -68 -128 -157 -169 -144
145 -176 -181 -40 -29 -162
120 -64 -58 -163 -199 -86 -73 -44 -35 -101
196 -93 -89 -49 -110 -169 -117 -12 134 -13 -177 -59 -148 -164 -144 -186
13 -12 148 -110 -69 -157 -103
43 -2 196 -126 -95 -17 -61 -187 -91 -93 -89 -123 -63 68 -99 -182 -49
154 -136 109 -169 -99 70 52
13 -57 108 -121 -160 -122 -194 -124 -157 97 89 -62
23 -96 -32 -173 -83 -164 -107 -59 -4 -179 -104
3 -93 -152 -2 -68 123 -87 160 -78 15 -125
96 -145 188 -3 -57 -152 -100 -66 -23 -155 -90 129
38 65 -7 -173 -196 -71 155 -152 -64 85 -167 46 57 -73 -72 21 -117 -200 -115 -136
24 -34 63 -45 -62 131 138 -194 -188 -128 -126
27 -91 -184 125 -122 -159 -105
139 -87 -127 132 -166 -70 108
174 77 95 -44 -200 -115 -50 -133 -172 -141 -86
110 154 -102 -105 -91 -66 -14 -116 -49 -120 -104 -12 -82 -167 -195 -3
182 -175 -62 59 -83 -160 -179 -158 -120 -196 -135 -167 -133 -188 -137 121
89 -7 -119 22 133 -70 -62 -96 -1 87 -54 -175 105 -94 -159 -31 -199
183 55 -189 -194 -180 -169 33 -132
122 54 -183 -89 145 -106 -24 26 -115 23 -36 9 -134
163 -161 164 139 23 -153 -25 -75 -44 -17 -108 -137 -3 -165 -130 -102 133 -195 118
52 -71 50 -162 -78
100 -26 -16 -49 -147 -106
65 159 -70 -64 -10 -82 184 -142 190 109
115 -25 -12 -71 16 -26 90 111 -6 -108 -96 -162 -37 -197
163 -102 -96 -29 -103 -24 -63
40 65 94 174 77 -180
149 -126 -142 -4 -185 -86 -87 -12 -28 -14 31
182 127 -44 -71 -42 -163 -29 -68 -110 -158
200 -46 -15 -86 61 192 187
98 -169 -185 -87 -150 -54
158 181 75 -166 -21 -144 -108 -179
8 -64 -195 -119 -167 -1 -23 18 130 -31 -117 82
170 50 107 -83 -81 -118 88 -150 98 -196 -85 86 -109 -142 -185 95
101 -156 -3 -86
130 -69 -18 -165 -46 66 -126 -139 -11 -185 -1
86 -182 -6 -180 137 -171 -44 -153 77 -76 -181
65 -45 74 -43 -7 -64 -179 -62 -88 99 -94 118 -155
78 52 145 -123 -108 -198 -36 -131
130 -182 -120 -128 -195 -134 -192 -138 -70 -193
67 -22 97 -125 92 -34 -144 -83
50 164 -187 -180 145 -52 -198 -62 -39 -99
86 -172 -76 -132
12 123 -128 -169 -164 -151 -166 -47 -193
87 82 65 -185 -112 -46 -91 -125 -9 -83 -135 -104
49 -127 -136 -80 -137 -117 -83
56 -152 -148 -28 -74 -183
68 -184 -174 -167 -31 -63
120 -68 71 -78 55
78 -199 -12 -57 50 -191 -163 145 -55
188 -118 -9 -8 -144 -121 -190 -78 -87 40 -35 -3 -137 -156
192 120 -165 -191 -184 3
96 -197 -171 -186 -145 -153
74 -139 -51 26 -153 -81 -173 -69 -53 -10
160 -138 -6 -128 156 23 -103 -115 38 -200
184 -165 -38 -32 -31 -120 55 -54 29
158 -14 -50 -79 -18 117 39 -105 -111
113 -153 -110 -167 20 -90 123 -67
6 -200 59 -37 53 -104 -93 157 -135 -4 147 -118 -82 117 -33 -80
47 -14 -19 -91 -142 -186 -100
109 97 -5 -8 -15 -105 -110 -19
192 -191 -106 -27 -133 112 -78 -39 -90
21 134 -17 -82 -120 -47 -98 183 -156 -57 -88 -24
32 -122 -57 -96 -14 97 -47 -146 73 114 -53 -194 -117 -85 -183
50 56 -79 -147 -34 -174 196 -16 -6 -52
37 -67 -3 196 136 -122 -121
85 36 -40 118 -189 -54 -13
45 -66 -67 -135 -18 -6 -200 11 57 182 -106 -3
95 -183 26 128 -65 178 -193 -14 139 110
17 -44 -64 111 76 -14
184 -105 -1 -158 -78
110 15 -121 -136 -144 -168 -43 -70 -182 -187
108 43 -148 -126 -52 -57 -23 40 195 180 -110 -36 -153 -82
190 -77 -53 -48
159 -70 -47 10 80 -191 -100
37 -129 -55 -193 -81 -57 79 94 174
95 -185 -174 -17 -49 -109 -143 -122 -1 184 -7 -198 -196 -170
33 -194 -28 -10 -178 -156 -49
142 -147 -122 -89 -157 -124 -108
62 74 -196 -58 -158 -174 126 163 192 -69
108 -29 -146
90 42 -138 -165 -182 158 -110 -29
23 -48 -61 -151 -40 -123 -147 -127 -102 -183 -98 -57
161 33 -13 -175 91 -194 81
158 -198 77 -9 -98 188 -7
147 165 -120 164 -134 -58 -175 152 -30 162 -33
47 -53 43 -30 -166 -153 -85 -87 -83 -182 7
61 -130 -69 160 -125 17 -87 -186 -172 47 -68 -113 -37
172 -24 -167 -139 -39 -147 -5 -55 -145
18 -173 -133 187 -193 -41 -45 -171
116 -198 130 129 17 114
152 158 159 -183 127 60 -176 99 -114 109 -136 -13
94 -179 -2 -64 142 -118 -95 -107 -16 -33
95 -49 -3 -151 -166 -162 -78 4
58 -10 -91 -157 -68 168 22
138 -50 -1 -114 -88 -105 -148 -190 -11
175 -155 -65 -44 -198 -37 -61 -117 -80 -120 -133 -116 -17 88 -106
90 -187 -45 13 8 -122 1 -16 -140
143 -35 54 -195 -163 -92 -180 -70 -47
98 67 -15 -31 -102 -99 -117 -63 -171 -191 -195 -19 -189 -165
125 -111 -5 -175 -26 -76 101 -192 -53 -2
133 32
174 -138 -182 -190 43
123 -64 -111 -28 -48 -104 -45 -1 -10 57 -40 -84 -39
51 -48 171 -190 -57 -138 95 36 -135 -106
73 -169 -160 -164 -97 -65 -13 -172 -199 -56
162 -149 41 119 -174 -127 -92 -32 -195 -138 -133
142 -157 -69 -97 -199 -115 -61
172 -140 9 -46 78 -97
130 -81 -198 -168 -50 -138 -91 -9 -167 -173 -46 140 -15 -120
172 -26 114 -35 -57 -159 -91
70 -200 -18 -150 -69 -45 -152 98 -67 -186 -183 -195 -11
12 -114 103 6 -116 -74
166 -134 -78 -85 -4 -47 -81 -73 -98
165 -91 -89 83 -65 -4 -181 24 -95 -108
199 -84 36 24 -113 105 -129 -198 -68
48 -149 133 -20 -41 -47 -181 -150 -128 187
73 -88 125 -151 -126 -81 -7 -46 -48 -41 -37 92 162 -85 173
85 -116 190 -9 -114 -90
25 -31 -102 -109 -16 -143 -147 -94 -106 -14 -194 -116 200
8 -120 115 -148 -29 -149 -184 -110 -81 -88
116 -34 -128 -11 -200 185 -12 -165 -26 -74 2
147 92 -146 -190 -144 -7 -140 -45 -155 -34 -196
86 -186 -78 -47 -174 -56 -5
95 -133 -159 -91 -192 -138 -76
56 -156 168 -32 -185 -142 -6 -105 -66 -178 189 -2 136
73 -36 54 -177 -184 -145 -15 160 49 -172 -169 -40
44 -111 -158 -140 -18 -6 -62 126 124
191 -170 -193 -7 -62 -42 -38 30 -103 -1 -24
25 -76 -78 -184 38 -60 -81 -106 -80 90 -2 148 -29 -103
31 -155 -72 -111 -150 -126
58 -114 -103 -68 -24 163 -83 -198 -139 -129
111 177 -36 -131 -30 -77 -112 194 9 -129 -196 -148
57 -28 -188 7 -190 -185 29 -79 191 -75
11 -78 -113 -77 178 -161 -163 143 -128 175 -111
74 -21 196 -13 -25 60 -182 33 -110 -157 150
37 -49 47 -69 -27 -156 68 -22 -133
101 61 46 -188 190 -20 156 -62 -129 120 -9 18 -32
181 -10 -9 -59 -154 86 -182 -66 -199 -135 -51 38 -169 -159
80 -43 -115 -128 -134 -129 18 -3 125
108 -17 -47 -163 5 -20 -149 -94 -148 -118 -105
22 -2 -196 -123 -166 49 -4 -81
111 197 -59 -114 -117 -7 -182 -131 -20 41
184 -73 -14 -38 -51 -47 114 -149 144 -85
80 -169 -77 -18 -195 -17 -135 -63 166 40
137 -100 64 -86 -89 -163 -131 -42 -29
54 -157 -8 -180 -60 -178 -149 68 24
95 -163 -31 -9 101 -18 -147 46 -197
107 -5 -82 -68 -97 -87 -190 160 -2 -71 -7 -10
24 -83 -157 -1 87 -110
176 -163 -143 -136 153 -18 -37 -101 -116 -167 -43 -82
39 -102 -12 -132 -67 -79 86 -119 -85
121 -123 -165 -52 -147 -172 -49 -173 -16 -79
156 127 -118 -47 137 -36 -95 -155 -39 73 -6
125 -196 -198 -179 -106 -51 27 188
52 -71 -186 -28 -16 -51 -157 -5 -194 -43 95
22 15 -65 -104 -82 -124 -157 28 -4 -45 -151
142 -42 -105 -93 -50 -195 -120 -2 -184 57
142 -198 -33 -40 -63 -164 -126 -83 -14 -178 -57 -58 -153 -99
