518 -59 -457 -134 -29 -295 -105 -242 158 212 -531 516 69 -356 9 579 -279 -204 49 -350 -557 -79
517 -228 -560 -140 -57 -442 -397 -453 -190 -293 -464 -506 -483 447 -210 167 402 -59 -298 -482 -189 -355 -469 34 -582 -170 -561 -310 -105 -240 -500 -109 -130 -157 -352 -432 -565
344 -402 -160 280 235 -29 -242 -234 -599 -412 -189 -123 464 -270 -330 -592 -371 -148 -221 407 -505 -10 589 -194 -492 -159 -250 146 571 64
245 -75 356 133 -498 -571 -426 -110 -440 -351 -388 -229 -497 -494 387 -477 -378 -207 -343 -112 -465 -450 -257 -437 -272 -169
538 -128 -579 -536 -260 316 -183 366 -544 -563 -564 -446 -516 9 -194 432 -89 -304 589 -518 -247 -71 -66 -354 -472 -84 381 -229 -45 -226 -442 -365 232 -257 -163
268 -429 447 -79 -209 -332 333 -261 -326 -376 545 -166 -122 -487 -398 292 -527 -467 -219 -366 -466 -592 -348 -178 -556 -193 -553 536 -23
178 421 -72 -415 -377 -454 -488 -125 -503 404 -351 -593 -252 -195 -220 -263 526 -402 -84 -50 -80 -108 161 -188 -270 -500 -417 -428 -469 301 -592 -363 -126
305 -354 -385 -444 -485 -399 -45 320 -212 -376 -510 528 -159 -538 -137 -228 -483 178 -531 -426 288 40 -156 -245 -386 -246 -224 -466 -313 -116 -481 -591 -546 -583 -500
494 -570 -168 -556 -78 -191 -254 -291 -541 -339 452 -69 -89 -265 -135 -451 -286 -524 -317 -98 -117 -572
277 -308 -147 -303 -15 -389 -473 -39 539 307 -126 -149 -181 -52 543 -136 379 -271 -31 -600 -586 -79 -432 575 -46 -250 -360 247 -254 249 -514 599 268 -565 -233 -388 -513 -548 349 -312 -130
89 -258 -387 -406 -345 -599 -527 -78 -517 -170 -92 -187 -49 -298 -276 296 -426 446 -429 -305 -383 -475 400 -110 -62 488 520 -522
17 -435 -191 -19 -122 -225 -459 -399 -261 49 301 -465 -570 -179 -328 -332 -56 -496 -530 -454 -230 -90 -138 -501 212 315
14 -10 -391 -122 -165 -126 -175 -202 -198 133 -463 -446 -451 -337 46 -413 -190 -459 -296 32 -531
278 -305 -316 -425 -231 -57 -521 -519 -469 -437 -472 -103 -36 -380 -12 589 -409 -259 -365 -196 -548 -552 -463 -41 537 -233 164 -408 -38 -576 -516 -237 480 -383 -67 -129 -194 -591 -281 -585 588 85 -10 -553 -454 -110
341 -360 -273 588 -51 -162 -468 -555 -298 -77 -202 -71 80 -226 589 -282 -193 -108 -154 396 140 -467 -456
172 -450 -351 77 -244 -60 -6 -420 -201 -492 -199 -380 -96 -67 -212 268 -46 -238 125 309 -124 -62 -260 -235 -265 -504 -316 -553 166 -255 -200 -455 72 446 -175
228 -539 -75 130 -217 -108 -277 454 -439 -494 -137 -492 -600 -29 -86 22 -502 -245 -464 -2 -388 303 338 -56 -413
321 -391 -538 -382 208 -128 -184 -136 -17 -232 -27 -397 83 -109 -368 -234 33 -180 506 11 -287 145 -413 -388 -510 -546 -220 -110 -398 -323 -586 -181 -103 -247 -45 547 -54
106 -592 -407 465 -174 -293 157 -196 -593 72 -18 -31 317 -288 427 -428 -10 -385 -444 381 334 -107 -570 -535
554 -85 -211 519 -434 -419 225 -431 -244 -484 -439 -563 -421 356 374 387 -342 -380 -366 -411 -233 -371 595 -365 -88 -305 -444 -234 -269
518 -391 -201 -141 -213 -80 -401 223 -84 -211 -315 -344 -224 -592 -579 519 -126 -485 -135 -388 -303 -307 -450 -165 -389 -354 -137 186 -554
579 -354 -415 -515 -71 -97 -70 159 -378 -263 -594 242 524 -243 -16 -356 -526 -375 -93 -397 -600 -373 -322 -249 -345 106
147 -232 -272 -198 -89 -97 -554 -518 -146 -529 -337 -248 -71 -402 -325 -63 -410 24 -176 -474 62 348 -556 -61 -512 -378 -519 -123 388 -359 520 -343 -131 -473 -28 -549 -220
177 -95 168 -206 -496 403 486 -415 72 195 -518 37 79 557 -350 -309 429 -24 221 -275 -98 -536 -418 257 -76 -184 -539 -582 -202
239 -113 -348 -353 -570 -89 -401 363 -555 -433 -536 -64 -167 -389 -16 -578 -242 -582 -576 -56 -230 -92 -133 -403 -49 -351 -106 -172 -99 -566 -313 -365 -143 -354 33 -73
151 -578 548 -600 -523 -584 -424 -138 349 -471 -520 467 -541 -497 -89 -559 -211 -274 243 -279 -320 -466 -318 -76 -223
166 -35 -131 557 314 -177 -193 -511 -164 -315 387 -240 -142 -37 -545 -5 -556 -375 -270 -128 -580 475 -249 -389 482
313 -564 6 -246 -305 -566 -451 364 120 -60 -217 -530 -397 -466 -547 127 154 -329 -502 -425 301 -141 -303
46 -479 -438 -218 -124 -253 -11 223 -397 -447 -299 -73 -316 -336 -504 -58 -222 -290 -206 564 -22 -295 -149 -378 -8 -185 -310 -582 534 -355 558 380 -241 -373 -13 -374 176 169 -244 -194
258 218 292 434 -425 -331 -303 -431 -264 -36 -483 -6 -361 -513 -177 -474 -116 -549 -14 -321 -420 -10 -433 -301 -458
560 -430 -127 558 -535 -237 -340 241 128 -395 -362 -284 -501 -170 -557 431 -389 -273 135 60 -407 -539 -192 -481 142 -546 250 -275 -246 171 -304 -134
36 -260 139 -123 -84 -297 -381 -441 -119 -418 -356 -103 -588 -395 169 576 -61 -82 -272 195 -173 -442 -531 -447 -263 -316 -343 -550 -577 -44 376 -583 -408 -512 -300 -46
36 417 -277 -316 -69 -115 208 329 -199 -269 -341 560 1 -497 -179 350 -331 -530 -538 63 176 -336 -152 -371 562 -137 -522 367 -312
55 -517 -170 -352 -527 -152 -592 -159 -388 -398 -115 -58 -579 -252 -570 -273 -558 -167 49 -379 -264 -103 -24 -151 -208 -532 347 -364
321 450 -266 249 -215 3 -176 43 -275 -29 -550 503 390 -39 -348 -269 -63 -581 -569 -511 -289 -76 -320 422 -596 -116 -95 -383 244 -60 -322 -392 -82 -157 -188 -525
14 -469 -17 -34 -472 -231 375 -125 -47 -145 265 -509 -175 -94 -51 144 -429 393 -274 -148 524 -199 -535 -167 -202 -548 -392 -11 448 453 -93 -291 -286 -193 -273 -414 -247 -496 -502 -417 -422 -461
97 -41 -288 -39 -255 -372 -257 -150 342 -549 378 -237 -447 -376 -55 -596 -111 -42 -565 -308 -28 -484 192 -182 -311 -526 131 -407 -199 -516 -98 -122
132 -590 -431 -427 -554 -448 -337 387 -523 479 111 -440 -220 -203 -426 -94 8 -459 -275 -221 42 -494 -504 -520 12 195 -27 -385 -596 -200 -326 -262 -376
215 -130 -527 -443 -274 -45 -86 12 -516 -101 -559 -450 289 -500 -276 -78 -70 -48 -522 -40 -149 592 -187
57 161 150 -13 -324 -141 30 -554 -28 -267 -132 -405 -126 -475 593 -344 -66 -225 -564 419 -327 -569 -521 -87 -239 -264 439 144 -100 -362 -411 -172 -183 -437 301 -308 445 -106 -15 -248 -452 -200
304 539 -370 -117 242 -22 -212 -463 -255 -491 -445 -452 -533 -264 -282 455 -230 -404 -471 -232 -148 -297 140 49 -64 338 556 -292 568 570 63
192 -563 79 -498 -49 -74 -13 -470 -348 -281 -592 -215 -351 -311 -414 416 300 -519 -407 415 -391 -555 -48 -47 -63 120 -325 -154 -190 -183
99 -575 587 216 -335 -17 -417 134 -556 -249 -60 -542 395 -284 -441 -464 -472 -187 -353 -209 -89 -565 486 -279 -466 -357 -550 -538 196 169 -266
453 372 -11 -357 -305 -238 459 -298 -521 -525 -474 -202 -534 206 -585 -308 -545 407 437 -200 -243 -388 -535 -549 -215 -170 -167 -411 -212 -405
283 529 -596 -551 -298 -445 -165 203 -132 -557 201 -488 -502 -67 224 -381 346 -477 -80 -248 -531 -332 -246 -337 -549
497 -560 -27 317 -225 -545 -129 -356 -235 -180 249 323 -12 -319 -105 -519 -79 -489 -421 358 -41 -65 597 -574 401 171 -172 -576 -446 -315
449 88 -181 -571 -254 -552 -322 -551 310 -82 230 -287 -232 -46 -194 -215 -86 566 -62 -11 -416 -271
591 -62 -269 -406 346 -130 -53 -494 -233 -388 -15 -44 -174 412 -101 -20 -309 -43 -550 -182 -221
158 -211 -540 -238 -19 276 452 -230 471 -99 -599 517 509 -387 -489 -508 -594 -327 -395 -63 -494 -119 -42 526 -342 541 -101 -531 -124 -125
391 358 -114 -377 -407 364 -476 -520 -169 -307 -594 518 -410 549 -373 -60 -43 -191 -37 -450 -378 -147 283 -32 -432 -568 -146 -90 -349 -552 -173 386 277 -244 -61 -300 -148 -420
163 -316 371 -457 -497 1 -287 -114 -206 -122 -341 -292 -196 -374 -443 -44 -31 247 -575 -193 -376 -461 468 -252 -131 -63
185 -104 -442 -57 -65 -90 -414 243 -202 287 -340 -576 -499 -284 -330 -38 94 -429 -327 -425 -546 108
167 113 -175 -345 -61 -303 249 -103 428 -256 -461 -161 -43 -182 -592 -326 -495 -86 -267 -507 555 -70 -547 -54 264 -336 -23 -47 -12 -543 362 372
274 -139 -181 474 -547 175 26 -93 -541 372 -214 -500 -78 -24 -333 -12 178 -291 184 -505 -563 121 -242 412 -116 327 -325 -447 -55 -559 -148 494 60 -370 552 -227 600 -19 -350 431
392 -225 -351 -600 -295 -427 -369 -415 -518 -48 -181 -98 512 -64 -529 -311 -572 -185 -375 -338 -413 -319 -412 -282 35 43 -545 -136
431 -581 -586 524 -374 -454 -77 -39 -462 -307 -79 -183 -242 502 -216 -470 -422 -269 -583 -45 -127 471 -491 -309 -345 -501 -401
576 -354 -256 187 364 -336 -539 -221 -334 -319 -470 -61 -394 -96 -49 270 -271 -422 -419 -521 -298 -464 -457 428 -246 -23 286 324 -279 -584
303 -407 554 -277 -497 -593 -532 -66 -406 53 -323 135 590 218 -268 -47 -309
309 257 196 -104 -396 -56 -462 -442 -486 -558 -564 -246 -81 -468 -381 111 -349 -324 -495 -340 -185 -170 -67 -168 -569 -547 -193 -4 -117 -431 -513 33 -287 -122 -333 -361 -465 -34
188 561 -216 -365 -310 -330 -65 446 -235 -114 -427 -518 -455 -397 -412 -279 -183 381 -83 -538 -269 234 -443 -118 -499 -289 -86 -501 421 -301 -380 460 -508 -196 159 214 -75
484 -251 388 -176 -254 -339 -494 -536 409 -203 -322 378 -83 -513 -436 -453 -292 -330 -431 -443 -41 435 -114 134 -457 -221 -520 -289 -110 -267
315 -140 -217 -271 -135 -520 -377 -449 521 -379 -232 -479 -43 -313 -203 -108 -207 -413 415 -390 -381 -330 -181 -264 -102
339 -390 -326 -466 -328 -330 417 600 -479 -555 -563 -516 -306 111 -358 -482 -379 -369 545 109 -459 59 -27 -31 -430 -130 -551 -477 -189
311 204 400 117 -571 -76 -24 -557 95 -229 264 -477 46 -259 -176 144 -340 -57 -216 431 -150 -475 -104 -91 -63 -467 -88 -199 -370 -155 510 -376 -332 527 -347 -460
411 -501 -394 -540 178 -392 -157 -387 -488 -54 -502 -191 -70 -159 -47 -323 -68 -217 -254 -142 -128 -257 -463 -515 -412 -559 -366 -76 -524 -356 -593
89 359 -210 -442 -13 -551 -387 -308 -316 -577 17 -171 -550 -310 -492 -207 -7 -491 -97 -543 -589 558 194 -361 -104 -418
421 570 -453 -364 -439 -441 -432 -271 -183 -383 -487 -4 -591 -550 -176 -71 -249 552 -459 -531 -84 535 -36 -165 -299 -124 477 -466 -225 -546
370 -34 -244 -146 -596 -550 -211 -265 -178 -109 349 -384 -562 319 -386 -464 84 -478 -540 -485 -592 -119 581 -446 -486 327 -361 -215 -64 -461 -33 -83
98 -412 -8 -388 -243 -22 -375 -543 -222 -494 229 39 351 -589 -393 162 -20 -418 -357 -567 -213 -32 -101
294 237 -448 -51 -140 -164 -583 -190 -381 -205 -214 -558 -257 -354 426 -155 -341 55 -515 436 -122 -506 398 -64 -218 365 -564 -401 -415 -400 68
360 280 443 -429 -400 23 -321 -585 -136 -103 -542 390 -501 -217 -93 117 329 -490 -380 -125 -260 -104 394 -151 396 -192 -484 -533 215 178 250 -322 -348 -474 -500 -213
90 -567 -317 -3 -196 -251 -81 -574 -552 434 -397 -311 236 -531 131 422 304 -134 -589 -140 -393 -263 -332 -336 -504 100 -408 -423 -287 513 -29 -172 -370 -127 -442 -543
553 -437 -267 -334 35 -280 -109 -458 -48 -125 -66 -483 58 -209 -425 -516 -218 310 123 383 463 -426 -253 -203 -504 -586 -470 -404 315
544 -457 -61 -415 -157 -338 405 -75 -490 -598 -560 -471 81 -531 -222 -110 -498 -291 -482 427 -516 -361 -174 -318 394 -577 -599 -526
410 -501 -478 -139 -389 -306 -309 -41 315 -555 79 -96 417 -74 -55 463 71 -549 -42 -474 561 -279 -14 -45 -250 -146 -539
229 -85 -103 -408 -166 -317 116 -194 -464 -365 -215 -23 -173 201 -311 -551 432 -27 -339 -367 -153 210 -152 176 -373 -247 -145 -146 534 88 -222 415
149 -14 375 -22 -180 -319 487 -563 -65 -225 -476 227 -112 -325 237 -454 -470 -64 -364 -344 -280 -30 -302 566 219 34
232 -40 -301 -243 -461 -106 -235 -262 -162 -244 35 495 -321 -111 -122 -392 -570 299 -222 -453
76 -348 520 -426 -211 -174 -85 -221 -311 158 -107 -301 456 -218 -206 -296 -400 -112 -270 399 535 -29 273 -268 -327 -447 347 302 -409 -384 -140
344 -14 -593 -438 348 -240 -335 -28 -75 -598 29 -431 -54 -407 441 -341 -183 44 -1 -460 385 -343 447 -552 208 -358 -498 -239 -154 -217 -251 -309 -16
505 -398 -346 -59 -425 274 -140 -309 487 -496 -361 -593 -63 -345 495 -259 67 -271 -390 -465 -167 -491 -360 -90 -299 -220 -383 -106 -13 -435 -408 -421 452 -584 -123 -76 -215 -492
559 -456 -147 -282 -209 -292 214 -163 -330 -293 -21 -364 -108 -12 -366 -384 -362 208 -531 -279 -193 -171 -181 -400 -339 359 -341
149 -463 329 -514 -481 -125 -178 496 -63 -251 -3 -154 -204 -477 -541 -461 106 -123 -239 -402 322 -588 -528 -272 -397 -182 67
416 -370 -61 -544 -529 301 -417 -122 297 -405 -92 -374 -171 -121 -272 -150 314 -7 -524 -428 283 -106 204 1 -79 197 -175 -254 -556 -442 -392
40 -280 -311 -418 -359 444 -488 -410 -473 -477 -326 -243 443 434 117 -538 -129 -206 -479 -403 -545 -156 -11 -94 -193 -128 -580 -523 221 -348 60 -39 -421 -310 -30 48 197 -512
155 -177 -435 -286 -27 391 -319 -226 -347 -267 172 -462 -141 -309 -118 -379 -528 -438 -442 -306 -122 280 -420 -318 -95 -68 -224 -506 51 93 10 -20 -143
410 -114 -226 204 -178 -279 -397 -563 -58 -578 -229 -256 -554 -438 -337 -62 335 486 -528 -305 -313 -268 -526 -87 -29 -542 -591 -218 80 -331 71 -20 -152 431 -504
392 -311 -23 -551 -55 -363 -357 -126 -546 -581 -428 -247 -185 -421 -416 58 203 -220 -69 -129 -52 281 -511 142 -135 -113 -560 -230 252 -388 -186 -484 -456 -234 119
53 372 -49 -188 -532 -294 -234 -414 -473 -287 -63 -291 426 -410 -322 -214 378 -22 12 232 -57 -581 -595 -489 -119 -45
568 -531 -178 -486 -292 -14 -425 581 524 -294 -349 15 153 583 281 449 64 484 -134 -323 -67 232 -306 -189 -175 -91 -257 -190 -599 -334 -25
538 -27 -349 330 328 -394 73 -225 -325 -138 -372 -156 -391 -63 582 518 -263 -35 -350 -504 -482 -43 -184 -217
347 579 -29 477 44 -422 -595 -185 -402 -390 -363 -246 -574 -392 -6 -504 -475 -268 48
137 -100 338 491 -317 -168 -547 -87 -430 -2 -534 386 -262 457 -526 -456 510 -163 -122 199 -141 -549 472 196 180 -433 -519 -60 -351 -254 -387 -417 -380 451
144 -222 -20 -502 -507 -146 -277 -377 -304 -61 394 -562 -359 -533 -131 -157 -509 -33 -211 -19 -141 41 -410 234 -585 -310 543
535 -408 -403 -66 -462 -325 -110 -588 -555 -280 183 -413 -569 -115 -89 -457 -223 -349 -552 -444 460 -466 8 -274 -127
460 580 -64 -168 -268 -543 -84 -419 382 -252 -71 -131 482 235 513 -140 -446 -349 211 -569 -494 -340 -295 -193 -574 -212 213 441 -439 -169 -542
25 -40 -303 -207 -265 -435 -216 421 -287 -527 -144 -353 -195 566 -395 -417 184 525 -289 -285 -293 -202 90 352 -501 357
87 -219 346 326 -137 -492 -231 390 -541 -275 39 -260 -449 -483 -365 -544 -459 487 -380 -355 -191 580 -184 -247 -246 -112 -565
420 -399 -63 244 -582 -506 -299 -275 -111 -39 -232 -555 -556 -149 41 -532 -64 368 -546 -435 -143 -410 -50 148 -90 116 180 -198 -301 -122 444 -336 -165 -10 -357 -220 -57
577 -432 -502 -563 -163 -449 -76 -224 -511 510 236 411 -396 41 -482 288 -363 -112 -237 -337 -171 367 -362 -193 -234
128 519 155 -277 300 -340 165 88 219 -284 -516 -90 -348 -295 -293 74 -569 -353 126 -164 -287 323 -496 -396 377 -158 -176 -72 -191 -261 -470 -218
483 -41 -355 -83 -68 -302 -284 -151 -397 -430 -117 -30 -114 -153 -268 -246 -373 -78 -204 -510 -435 96 -105 -569
503 -120 -466 188 119 -129 -514 -323 -159 -86 -326 -286 -322 -372 -319 -172 325 -540 -432 -38 -454 -333 -44 252 -492 -104 -6 -61 -77 553 -545 202 -232 -394 -273 357 -480 295 -7 -510 -263
417 240 -160 -185 -41 -320 -581 -531 68 -297 -434 174 -50 -237 -270 -585 -75 236 -416 -509 -110 -62 -199 -584 306 -304 -269 -384
486 -32 452 -207 -230 -516 -477 -38 206 -100 -525 -563 -567 -439 -415 569 -402 -533 -589 -263 -197 -314 449 362 -127 -541 -364 -46 -325 -250 -499 -502 -182 -170 -130 -3
397 -87 -284 -295 -70 -154 -395 551 -333 47 -276 -18 -433 -6 -159 -451 -500 344 -296 -379 -265 213 -30 -477 -294 459 -50 -7 -73 -462 -210 -469 -89 587 -414 -456
200 -230 -104 -571 -325 546 -286 -173 -460 435 -171 -297 -482 -72 -253 -479 -188 -92 -2 -391 -223 -541 -281 -383 -430 -574 -396 567 -279 -443 -29 152
39 32 -242 -405 -30 -48 -506 449 -598 -510 -347 -544 273 -222 375 214 -353 -28 -523 247 573 -495 -215 -401 -43 -253 -126 -175 315 -160 556 -518 481 -546 -286 -360 -416 -361 -511 -465 -16 -195 -81
378 -35 -18 28 -321 -497 -46 -564 379 -383 440 -528 573 -62 -332 -373
477 113 414 -545 438 -534 325 186 -339 -567 -491 -35 -68 -257 124 -412 -25 -152 -475 -26 126 -97 -413 -538 -122 -540 -178 -192 -426 -94
252 -133 -201 -546 -574 -272 -351 -62 -269 -595 -547 -369 -56 -402 -207 90 568 -484 -43 -393 134 558 -334 -305 -424 -523 579 -520 -588
350 370 -33 -171 266 -169 -227 -500 -565 -94 -443 -516 -553 -441 -232 364 -559 -199 -484 -365 437 -412 -299 -17 -466 -578 -65 -587 -172 -373
79 -315 -262 -253 480 -296 592 116 -218 -565 -149 -172 -75 -74 -158 -591 -126 -280 -424 -165 -443 323 224 -302 -16 -371 -349 -514 -234 -11 -228 -500 -308 -418
396 129 -528 -271 311 -499 -312 -229 391 287 304 381 -538 -205 379 -399 -431 -420 -211 -288 -49 -61 218 4 35 -584 -201 -273 -459 -79 -587 -563
490 -349 -500 -579 -62 -240 -112 -241 -124 -420 -578 525 -340 -184 131 -597 561 -20 -462 -463 292 -159 -412 -395 -236 -338 -60 -41 -133 -254 -54 -477 -529 -322 -284 262 205 517
86 -212 519 -421 -328 -397 -316 -220 -91 -507 -32 -296 -548 -332 -81 -143 -45 -550 -392 -305 -532 -412 -117 -213 -359 -401
477 475 -503 -102 -355 244 -7 -47 -536 -218 -407 -270 -578 -130 -459 -305 245 -435 -509 -81 -555 -495 -144 -227 176 -437 -361 -590 -486 -299 375 -274 -137 -180 -301 -61 -262 -99 -461 -107 -226
49 -218 -536 437 -244 35 468 -259 -541 43 562 -264 -309 -278 321 -304 -74 -469 -64 -215 252 -281 527 -174
165 -395 -251 16 356 -538 -308 -56 -323 -593 220 -436 -176 81 -410 -204 -186 -179 -156 -525 -296 -453 1 -495 -207 265 -172 -33 -554 -78 -376 -299 490 -114 -537 -565
418 301 -105 404 -527 -278 -582 -175 -106 -543 -112 -330 -486 -194 -324 573 -248 -574 55 218 -514 -27 -398 -282 -444 -305 -214 -416 -19 -192 -380 126 -295
83 -440 -183 -279 -40 -560 -56 -160 -85 -352 -377 -289 -29 253 -529 -169 -292 -444 -517 -147 471 -586 -348 -567 557 198 487 -320 423 506 -237 -116 353 -228 -324 -97 197 -419 -433 -579 -335 -545 -526 -428 -495
247 -400 -384 389 -225 -368 -124 -370 -417 -324 -514 504 -254 -17 -299 -175 255 -599 -212 -584 -440 -228 -414 -132 -480 536 296 -305 -511 -72
126 -50 175 -61 -45 -259 -549 515 591 -27 -60 -555 452 490 -279 -256 392 -340 -409 546 -235 286 -323
57 -292 -288 14 -37 -178 -367 -88 -279 -574 -500 -422 217 -59 -541 90 -258 -148 545 531 -570 -489 -514 -348 -286
421 -411 120 -121 -478 -310 -295 -244 -477 11 -596 -396 -60 -390 -40 -281 -206 -555 -164 -170 148 -588 -66 -200 -79 381 -250
599 -359 418 -282 -584 -360 595 -378 -341 -31 -395 -501 -522 -409 -91 -17 -223 -227 -183 -179 -470 -557 543 -404 -277 -131 103 -401 -90 -86 -478 -306 -200 136 -44 -495 -110 -587
214 166 -143 -230 -282 -311 -195 -204 375 -528 -219 -446 -135 -596 -51 -74 104 484 -128 -572 -592 -211 -314 -552 -378 -237 -249 507 -317 -334 -15
583 -282 -148 -570 -199 362 -238 -325 -376 -373 -458 -280 359 453 -450 -477 -565 -579 -417 -368 9 -575 -572 -393 -363 316 -242 -408 400 -226 -371 -270 -6 -51 -334 -506 -90 -261
52 481 -147 600 -212 -399 -236 -66 -584 -200 -519 -447 -193 -16 -332 -322 -398 -593 163 154 -278 -63 95 544 -153 -208 -480 409 -71 -30 -572 -104 -132 -255 -292 -17 53
210 -450 -13 -350 -574 -454 -136 -217 -74 -230 -123 -28 -19 -198 -478 -73 64 193 24 -238 30 -489 -469 455 -106 150 -404 69 83 -438 -372 -434 -108 -345 -229 227 -71 -549 -183 -308 -573
34 -533 -546 308 -474 -285 -212 -78 -260 -6 -542 -165 -200 -456 -280 -187 -342 -222 -180 311 490 576 -359 -25 -348 -244 -2 -84 -202 -74 -152 -529 -470 518 -32
193 63 -9 3 -255 -279 -483 -391 451 458 -565 43 -261 -323 280 -287 -425 338 -148 -65 -85 -70 -71 -559 539 -469
257 -405 -386 -274 -476 -151 376 -235 -259 -453 -50 -380 -249 483 -133 -104 -573 -522 -513 -441 574 123 -356 112 -161 -491 -96 -46
468 -173 -321 404 -98 -429 -158 -423 523 -351 -255 -597 -590 -145 -346 382 -222 356 -217 -547 -569 -598 -238 336 -432 -10 -313 497 -540 -419 -223 102 -302
549 -496 -356 -483 -348 -27 -363 -581 -407 -582 -334 -489 -307 422 526 -247 57 -447 -101 -463 373 -528 -517 256
115 -202 -99 184 255 -371 -210 293 -146 -111 -313 -398 -504 160 -471 -401 -548 -5 -254 288 -494 -121 -422 -190 14 -337 -58 144 -560 -359 274 -507
474 -480 -259 -298 -396 -340 -541 -575 -336 -31 -400 -470 -12 -150 -39 -505 -184 202 -60 -276 -75 -149 -9 -59 -521 520 68 598 -291 -185 467 593 -359
361 -380 364 -198 -347 -172 -229 454 447 -420 -429 -51 9 33 45 -545 -468 -44 -407 -208 -325 -515 297 -328 -176 194 -437 -444 -350 -503 -322 -552
298 64 -305 -66 -575 -23 -396 -365 90 -535 -157 421 -455 -84 -159 -53 -569 -584 214 -321 -182 407 442 310 328 215 -415
264 -14 -377 198 213 302 -223 -408 -6 -127 -279 -544 397 162 -37 -345 -557 -568 -251 239 -356 -121 518 -152 -9 -133 -394
3 -96 -389 107 -37 405 -55 -464 436 -403 -239 -488 203 433 87 -98 -365 -560 -103 -228 -131 -268 -198 -399 -355 -469 -44 127 -552 -491
232 -31 -92 -363 -82 -223 -517 -518 -121 -596 -480 -64 -78 -313 404 -50 -76 -295 -26 -379 -134 -552 -592 275 -144 -324 -287 430 251 252
440 400 -377 -312 -508 -514 -234 -221 -56 -304 -319 55 -322 -48 -394 -147 -460 -479 -52 -34 -346 -512 -23 -30 492 -156 45 -200 -187 -191
407 -147 -265 -127 -469 -286 -113 -137 573 -530 62 -65 206 357 552 -74 381 -243 -63 -562 -231 -454 -151 398 -367 -255 386 -72 -330 179 -591
212 -408 -99 -586 -530 -371 453 492 -555 -250 -80 -597 -538 -560 579 -168 -312 -306 -203 -552 -441 -558 -325 190 -170 -338 -53 -50 -519 -380 -600 -447 -61 599
152 -565 -29 -353 -334 -170 -48 -418 -252 -74 -337 -267 -188 -306 92 535 -227 307 221 -426 -124 -49 -341 -210 -588 -113 -600 -566 427 -73 -487
175 -219 382 -581 -83 -35 -521 -298 436 -33 -235 -56 -264 -100 -57 428 -43 54 -206 -317 -63 53 383 -279 -351 -170 -117 533 388 -149 -156 -479
373 -241 78 -239 157 -4 -369 -156 -388 327 -420 387 -342 -248 -422 -584 -7 -324 -330 -555 -578 -23 -312 -188 -153 -83 -399 -426 -595
65 -79 -310 -564 -133 138 -199 166 -128 -471 441 -53 289 -18 -154 -101 -188 -567 -207 -68 -307 -467 -211 -380 -443 -366 -331 -88 -221 -192 -134 -419
335 -490 -38 -216 -201 -47 250 -147 -259 88 263 -555 85 -535 -494 380 -517 439 90 477 -424 -455 -163 523 491 -502 -505 -228 24 -122
347 482 528 -29 381 -195 -270 -44 -506 -269 177 543 -556 -507 -597 -238 -513 -201 -71 -70 -477 -81 -189 -357 164 -491 -30 251
238 -486 -425 -525 -8 -391 -306 488 308 586 354 -313 506 -72 -58 -200 -126 -286 49 252 -392 480 -437 -133 -552 -420 -33 -108 -344 468 -496 -234 -436
457 -313 -52 -372 -273 -587 -588 -394 -235 -53 454 -226 42 -33 148 -205 -510 409 -60 131 111 403 282 -583 -528 -533 -422 -220 453 -360 -223 -518 -479 -484 395
529 -14 -494 146 -138 -9 -488 -148 -228 -120 -592 -401 -160 -527 190 519 -282 -388 -241 -326 252 -201 -596 227 -155 381 295
219 -20 -236 -210 220 -264 -468 53 -22 -432 -336 115 -359 -143 -130 -400 -378 -242 -357 -182 67 -557 439 365 -546 -514 -269
36 301 -30 -433 -538 -550 -338 -597 374 466 -348 -402 -573 -270 -572 -169 -262 -278 84 -376 -152 -598 460 -324 -2 322 73 385
384 -128 -430 -565 30 -129 -498 -589 -566 -62 -407 -121 -459 -281 -202 -458 158 -235 -330 -270 -390 -225 -11 -239 191
272 157 179 201 -451 -519 -410 144 -343 326 -88 -35 -55 -503 -538 -263 -244 -323 441 396 -509 -373 -296 -352 -369 292 -590 -234 306 -457 -432 200 -245
47 -371 -385 -226 355 -555 -344 90 -245 237 -544 -32 -599 -449 -302 -221 -16 434 239 -148
272 383 427 -275 -200 -598 -438 271 -587 -282 334 26 -451 1 -318 -69 -228 -181 -31 -124 -155 -129 -6 -426 -507 122 -584 -247 -458 -319 -492 -374 461 114 -377 -270 -30 -384 -532 367 88
595 -573 -216 -391 -512 -103 16 -401 -257 -34 -6 -349 83 -258 -201 -333 -335 -291 -151 545 -247 -173 -124 -471 -428 361 -175 -30 118 313 -508 -117 -497 552 -250 -141 -110 -239 -397 68
335 -177 -198 -476 205 -74 206 13 -244 6 -64 110 -28 310 274 -217 -433 -312 -202 -47 343 49 -251 -73 515 -371 290 -253 424 263 -329 -299
269 -596 -364 -310 163 197 193 -178 -525 -118 -462 -538 -593 -171 -334 -235 -430 -79 -376 -176 -17 -427 -442 -181 -443 -485 -26 -293 -277 274 -120 -69 -453
95 -3 -594 -326 393 -598 175 -205 -499 50 233 -153 -447 548 -533 -181 -287 -202 -430 -248 -505 -503 -67 587 453 -361 -24 -30 446 -100
540 -179 -309 422 -242 -506 -302 67 -157 433 153 23 -287 -390 160 -571 -589 587 -408 -340 -347 -377 -163 43 -305 -435 -417
291 -99 274 -402 -67 -115 526 -132 -427 280 478 -530 -540 -141 330 -517 -16 -542 -576 49 -203 585 -146 -312 -294 -248 -393 591 75 105 -505 -129 193 -497 -569 -161 -108 -56 -186
522 -185 -275 -29 -413 -63 -190 -325 -374 -38 -306 -494 -540 42 -199 37 -408 -285 -86 -481 -585 322 -569 401 -318 356 -555 -172 -380 570 -75 -560 -34 -377 -459 -340
3 -72 -198 513 -455 -556 157 -247 449 122 -115 -285 57 -392 -422 -426 -569 323 290 -170 -41 -93 -70 -305
31 -48 -32 -173 -565 -386 -590 -271 -166 -141 -373 -156 -160 -384 -552 -175 356 -505 183 273 -75 -220 255 -146 -214 -524 165 540 46 254 -465 -178 -538
593 90 501 -234 -586 -459 -541 -160 -519 24 197 -338 -99 -500 -393 -251 -173 -460 -214 141 -285 502 -18 -134 -136 -118 495
412 -523 -576 -279 287 -66 -465 -468 -227 70 -14 437 68 -135 -48 -488 249 -151 566 90 -134 -398 -518 -261 -197 -294 10 -486 -324 -477 -127 -18 -453 -33
595 -341 586 -319 -547 -90 -178 -295 -176 -108 -158 -228 -136 -104 -558 -208 -151 366 262 -563 -217 -400 -135 -589 -468 -378 -193 -338 -274 -428
416 -70 -207 -122 -560 -336 -411 160 102 -571 -595 -573 -460 -189 -418 -397 -17 -175 -499 -135 -86 -446 -535 -558 -84 -148 -588 -583 -97 -321 -309
64 -190 -22 -414 -150 -27 -16 -469 524 -233 -575 -47 -115 -353 -566 -157 -211 -409 437 -62 -483 -83 -20 -598 -119 35 -572 432 -577 -545 -371 -543 -447 -69 92 -124 -278 -411
271 107 -413 -599 457 547 -527 -507 -316 451 295 15 -63 -491 -323 -36 22 -504 406 -415 499 -145 -133 -54 502 -45 -404 284 -537 -579 -459
377 -577 -171 -82 -146 -379 -339 583 -222 -524 -473 -117 -424 -544 -470 -393 -124 -54 -554 247 -548 -132 -141 206 536 -48 490 -100 74 571 -454 452 -181 253 -243 -465
301 234 -49 -360 -114 589 -235 -354 -311 -573 -498 -390 -299 -223 591 -428 -496 -194 -327 -520 305 -245 -74 -197 -292 -403 -350
471 482 -257 -139 -395 -113 -209 103 335 -132 -508 -115 -111 -393 -195 -242 380 -29 -296 586 -89 141 -256 -170 -378
305 -343 -327 -591 -330 -410 -157 145 342 -425 295 -360 -93 219 -338 144 434 -510 103 -112 -515 -347
261 -232 187 -198 -218 -135 -247 -223 -459 -206 -320 -60 -21 -566 -395 -463 -317 -262 -364 -316 572 92 82 -500 278
127 -479 -306 -357 -96 -242 -7 -560 322 45 -196 -20 -331 -399 -269 -318 464 -374 -514 -578 -250 -208 205 -453 549 433 -198 -462 -46 -4 341 -70 -130 -456 -71 -316
119 -582 -445 -520 -309 -6 84 -439 -88 -23 -1 -16 190 -256 -93 -437 -106 -276 -289 -480 -330 -209 -534 -294 -556 -595 68 -352 -223 -359 -265 -234 -356 -566
457 -235 -371 -293 441 -352 505 -253 -277 -339 -296 348 -298 -556 -319 -48 -551 -465 153 566
407 -161 594 -595 11 257 -427 -110 -306 -237 -20 -268 -304 -464 137 -421 -246 -22 472 313 87 -418 -395 -375 -28 54 -198 -23 -475 -180
584 -153 -401 -302 -209 286 -320 -258 -231 -519 -276 -4 489 127 417 492 245 -73 -218 462 -368 -532 -212 -239 -556 -390 -81 -270 -490 -116
534 -266 498 -140 -198 -331 33 -161 -227 -221 -93 -401 -356 -283 -43 -482 -364 -7 -467
516 -339 -122 -430 -381 354 -248 -300 -271 -240 421 428 -285 -365 224 -280 -307 -526 444 -32 -26 -371
400 -465 -55 -526 349 -562 -323 -459 -170 -407 392 -238 -513 271 -213 -558 -57 -461 -431 -215 -505 -153 -13 -343 -495 -147 176 -12
42 87 -110 -172 -325 -556 -210 -320 -155 -551 -264 -540 -227 -223 220 234 -207 -533 -516 -165 -12 -119 -206 -19 -242 -261 310 169 -275 -491 303 184 -219 251
465 -430 -431 -344 -480 -598 -516 -329 -77 -337 -373 274 -503 -342 -577 328 -25 -247 -139 560 -466 -57 -253 -401 383 -103 -434 -55 -534 239 -169 -318 -578 199 -381 -65
397 -44 -287 -122 495 -293 -424 -435 -420 -87 -57 -125 -315 511 -426 -234 -36 -473 -349 -31 -405 -545 576 -575 -367 -203 -179 266 -170 -422 113 -369 -305 -595 -489 301 40
186 -33 -171 -548 -238 -142 -260 -355 -508 -475 -411 -241 -144 538 -5 -507 -40 -564 -25 -32 -280 447 -522 -76 -555 -231 -431 -506 -132 309
130 -266 -418 122 -334 -154 -558 -278 -68 -339 -174 -311 -377 -269 271 -59 -80 -475 478 -241 -593 -51 -515 -535 312 -176 -444 3 -179 -420 314 -143
259 -554 -365 -596 -178 -510 535 470 -121 -58 284 130 -433 6 -144 421 -575 -73 -291 -468 390 -494 500 -281 -375
220 -384 -244 -421 -398 -116 -557 -403 -120 493 -551 -196 576 -38 -153 446 -125 463 -373 338 -455 -569 510 -222 -65 -130 -277 -502 435 -280 -149 -443 -129 -154 -380
553 -305 -60 300 334 442 -221 527 -574 -273 545 -50 392 -451 -241 -114 -386 -66 -439 117 358 -65 -585 96 -552 -142 427 -410 -326
405 -366 282 -566 224 -394 -499 94 -532 -28 -580 -112 -359 -271 382 -128 180 -130 -446 201 459 -92 -515 -527 183 313 -356
426 -400 -195 -537 231 146 -93 -276 -260 -76 -230 -464 -269 -275 -111 -281 -265 -534 -107 -163 405
118 -458 -363 49 -405 -362 -465 -339 -170 -242 154 -224 -402 -121 -8 504 163 -297 210 309 -396 -219 592 -480 -268 246 -388 -171 -14 -450 358 -230 160 -26 -461 516 -534
416 272 483 -494 -338 -458 -517 323 -402 -70 -412 -25 -448 -453 -34 184 -280 -171 -16 135 -308 -104 -545 -209 -441 -47 -409 -251 -136 -407 -113 -465
181 -220 -136 -537 -238 -413 516 -426 -582 -443 -191 523 -444 482 -153 -408 -267 -62 -169 387 -90 -46 -48 -334 -378 -412 -585 -352 -342 -562 -58 -270 -522 -312 -485 577 -521
204 466 -577 22 -52 -233 51 -316 -199 -269 -103 183 -441 -478 -188 498 -132 -41 2 -96 -359 -402 -443 -471 149 -396 -254 268 -560 -20 -59 555 -390 -86
559 -134 -265 -180 -473 -400 -127 -594 -454 -407 -365 -208 25 -293 -482 -501 -357 70 -557 -388 100 -504 -125 -576 -348 -133 -141
412 -402 -423 -585 -23 -448 438 -190 -178 -489 232 -229 -587 507 -592 495 169 -561 -123 -34 -92 -278 -4 -552 -447 -354 -206 227 -52 181 -544
381 240 -273 56 -505 9 49 373 -88 -553 -159 526 -10 357 -543 -155 -571 -73 -19 -62 -431 -92 -45 -166 -187 -405 -132 -325 491 -147 544 26 -432
182 -343 -187 -217 -323 -149 -4 -381 -509 -24 -89 -472 118 -37 -46 -278 186 -449 -409 127 -577 -392 123 -422 230 -75 -169 597 -576 -12 -172 -223 -18 -547 -115 -387
67 -220 -283 -233 -198 -205 3 -405 -33 -460 -266 -82 -153 -10 -268 -559 -563 -158 -386 533 -327 502 149 -105 -258 -46 -328 -142
139 -585 -266 -163 -369 -155 -122 -404 -484 -340 -567 -317 -401 -322 210 -523 -203 -599 -276 -14 -67 -90 -445 406 -465 77 -165 273 -115 -476 -120 598 -361 136 -313 -485 -565 -251 -597
52 -530 -10 -351 -274 -194 389 -124 -503 -66 23 -302 -457 -305 438 -4 -247 -107 -27 415 -13 -262 405 -572 266 -167 195 -264 -377 -573
253 -38 327 165 581 -358 -72 -324 534 -179 -245 -447 -115 -74 -173 -51 -512 -375 -35 -241 565 560 -422 -336 -463 -354 -346 -598 -152 -97
185 -543 -474 -253 -427 -522 -594 -298 408 -451 -149 -553 -132 -236 -467 -45 11 -41 19 -110 -292 326 -60 128 -374 -170 -450 -92 396 -179 -369 -422 -116 -464 154 -440 -218 -557 -453 -328 -121
307 -459 -569 -353 48 -301 -9 -594 -118 -403 -329 -344 -465 -340 298 -401 -266 -593 -466 -105 -155
333 -276 -87 -193 357 -595 -377 -159 -493 -201 -153 -55 -70 210 -192 -440 -596 -359 -263 -32 -43 -256 209 -408 -37 -395
589 -309 -326 -24 -414 -536 -33 -444 -189 -300 -21 -135 -47 271 -416 598 -408 -347 -80 -514 -245 -6 235 -597 -387 -512 -12 -148 170 -218 399 -509
11 -364 -133 482 -250 -185 -277 510 -488 97 -236 -110 -574 -231 -39 -111 -61 -71 -564 -274 -155 -90 576 -416 -511 -192 -232 -135 -302 382 312 -20 -499
367 -480 457 -288 567 292 -559 -239 -582 -170 -454 -490 -411 -146 235 -509 -94 -152 -207 -150 -48 -11 323 -446 315 -67 352 -258 -347 -530 -330
487 219 -103 410 -501 -149 117 -558 -323 -134 48 357 -377 57 -436 258 -475 -329 -245 -513 -578 -569 -257 -23 -434 -466 -536 -337 -286 -161 -469 -573
305 -156 -302 -322 -142 -346 -463 583 -447 456 -288 489 -294 424 295 -130 -286 342 -340 -61 -269 234 -96 -338 -117 -550 598 -210 -120 486 -345
339 -319 -196 -556 -534 -223 -252 -8 -329 265 -489 -548 -371 -321 -532 417 -292 -295 119 484 95 48 -50 -112 -45 -88 -559 396
19 -449 -592 -393 -459 391 -318 -59 194 -155 -48 273 -375 -427 -295 -178 -296 -316 -412 -68 -343 -188 -340 574
493 -480 -301 -531 -464 -330 -544 356 26 -336 91 -430 -409 498 -10 161 -66 -30 549 -444 -598 155 -18 -208 -550 -71
55 -148 -480 -520 479 -136 -84 -216 -201 328 -582 -57 -360 -233 -584 45 -253 -514 -504 -542 -535 -292 -24 -424 -583 445 -391 -564 -547
589 474 257 278 -348 -496 -464 -271 -89 75 -216 -188 -540 -484 -303 -527 -501 -407 -275 -176 -401 376 -241 -268 22 356 274 -156 -45 -18 -233 -169 -168 -42 31 293 172 166 -386 -311
496 -401 -58 151 -470 -380 -511 -176 -384 -514 -415 583 -110 -208 -64 -450 387 -545 -546 -533 552 -137 -435 -290 -360 -370 -449 -264 -43 -97
531 -569 -483 -562 498 -338 -85 104 238 -278 -374 -290 -42 -443 -226 -375 -476 -43 -460 -480 -584 -552 -371 -103 -298 -530 -515 557 -225
554 -210 338 -34 272 152 -475 -455 345 -347 62 -576 -426 -496 -125 114 -291 -419 -582 241 -128 354 -247 201 -356 -27 -294 -381 -583
242 -313 -191 124 -253 -315 270 19 -435 -149 -195 -464 35 -556 -433 -84 376 -58
373 -435 -10 -167 392 -585 -419 -202 32 -496 -473 -125 -404 -61 34 -529 251 -591 -59 -6 -244 -381 527 -583 197
350 -575 146 -397 -147 -218 -432 -399 237 -567 -457 104 232 -187 -450 -283 -434 574 -90 -570 -324 -423 -384 -449 295
576 -291 -193 -299 -488 -113 -367 -11 -477 -124 -427 -439 -415 -511 -47 -155 -44 -573 -22 -39 -508 -101 96
366 -92 493 -252 210 -334 -247 -196 -347 499 -394 -324 -81 -510 -516 20 -481 555 -84 -258 -132 -85 159 -289 344 498 -54 -568
470 -442 -144 -478 -139 -325 -182 -5 -49 -409 -133 336 -80 580 -237 -20 -37 -467 -116 -462 -229 363 -25 545
414 504 -586 453 106 -23 -430 -146 -569 -416 366 -86 -268 -597 -228 -56 -464 -390 -525 -30 -344 -420 -454 -59 -134 -434 -69 -49 -91 -150 -230 -174
435 -396 -186 -258 -516 -298 -562 -463 -2 565 222 -512 -441 -91 -179 -355 -287 -344 329 1 106 -385 243 -82 -197 -148 -436 -307 -477 -49 248 -81 -256
95 -543 -513 -414 -448 -370 -52 -70 -10 -470 -588 439 -184 -49 -350 -249 -597 -16 302 -424
143 -59 -57 -519 89 -8 -475 502 254 -335 364 -481 -181 -573 -81 -560 -373 -586 -515 35 112 268 -71 -111 -186 -518 110 -550 -205 -337
506 -389 -416 -164 -194 -8 -347 101 -459 388 -577 -523 -437 -337 -220 -286 105 -170 -249 -255 -527 -59 -106 -4 490
108 -470 460 -23 446 -563 -46 -91 -294 -507 -146 -124 -284 -440 -234 -104 -464 -117 -480 -179 -592 -338 -525 324 -299 -123 -226 -353 -224 -223 -110
170 -530 -300 -497 -561 416 -514 -328 -59 165 -505 -312 -488 567 -131 -302 517 538 519 -297 -403 292 -332 -215 -305 -26 -113 -89 -214 -233
297 -441 -425 -400 -135 -361 -307 -422 -289 413 -124 -500 173 -547 -477 -498 -340 299 -353 -585 -57 -499 -177 43 -482 -187 -301 288 -428 -434 -390 319 -215 -242 -290
429 163 179 -214 -481 -226 -76 -68 -99 -110 346 -21 -525 -417 -497 -28 -432 592 248 148 -583 -581 202 -246 478 -289 -48 -13 -516 387 -296 -284 -158 -600
427 -25 -37 -405 26 492 -246 -304 -484 -540 -91 -220 144 292 408 -588 -226 -98 -266 -297 364 -112 433 -92 -352 -594 -320 -222 -243 367 283 334 -493 -265 -42
200 -46 438 -507 -85 -245 -409 -568 -73 -349 -450 321 -39 -219 -93 516 413 106 -66 -564 -169 -144 260 -159 -491
456 -88 -184 265 -531 497 46 -312 -556 -44 407 266 193 -408 -308 -523 -280 -270 -358 -187 257 -172 -2 -261 -255 -440 -576 -174 -128
139 -41 -592 -500 -600 460 -206 -69 -487 -205 -408 -450 -39 457 -268 -102 -498 -598 -9 -134 -440 516 -286 -149 -132 -175 -29 25 -270 -387 -199 50 -220 -252 -322
284 -595 -148 -63 -462 305 501 -391 -188 -16 475 482 -124 -199 -244 -96 -563 -504 -59 -441 -25 -510 3 -342 -500 -155 226 -524 -469 399 -160 -322 196
458 -574 -343 -405 -471 -147 -6 440 -256 -137 -444 -173 -361 -39 -497 -100 -376 527 -537 -156 161 -479 339 248 -219 -121
130 -556 -583 -222 -53 -175 -125 -293 -474 -507 -475 -600 -170 -531 -492 -249 -368 -481 -574 -216 -497 -595 -296 -402 -61 -520 -211 -232 308 -373 66 -360 282 -522 172 174 -171
265 -285 -55 401 -20 418 -126 -473 -273 -158 -586 -165 -536 -287 115 -497 -470 -163 -370 -233 -375 -328 -330 -225 -263 203 -152 -35 -584 -289
293 389 -83 -254 -438 510 -56 -555 -268 -587 277 583 -115 -106 -406 -529 236 -10 -38 -446 -24 -287 -519 -292
488 -566 -381 -57 -17 -61 -437 -237 229 -432 -315 -356 -579 -50 89 -29 -251 -361 -374 -507 146 105 -76 -351 -204 -310 24 -311 -540 -328 -382 -13
122 -407 -40 -99 194 -267 422 -101 -185 -135 245 -292 -430 -542 -388 -342 -417 -513 454 493 -392 559 -198 -375 433 -355 440 263 -176
546 190 -12 -528 -42 -409 555 -501 -565 359 -193 -265 375 89 -310 26 -314 -301 -37 -187 -289 -100 -105 -213 -427 -141 -393 52 -88 -311 -435 -577
294 -463 -349 -430 -541 -226 -484 -75 -102 -399 -600 -415 -312 283 -466 -20 -165 549 -489 -360 -201 298 -194 -113 -156 -262 -590 -478 -580 -595 -208 -398 -56 235 -481 129
292 -88 -237 450 -565 545 -180 -220 -46 -274 -352 -15 -451 153 -238 -7 13 -110 -305 261 544 -225 -266 -107 -197 -344 -576 -267 -494 -114 -486 116 -573 -516 -53
495 576 -573 -17 -150 -438 -180 -359 -240 -33 -57 -557 -368 -212 -194 -86 -493 257 -560 -102 -30 -61 -217 -516 -211 149 -414 -404 -345 7 -203 -87 -172 -49 -437
348 -171 -200 539 -26 -341 -40 -214 -336 -555 563 179 344 -371 -479 -34 -270 -577 -98 -387
385 -48 152 -377 -163 237 -530 334 67 -370 162 -341 -586 -118 51 -77 -320 518 147 439 29 -498 -545 -132 -97 553 -479 -315 580 -61 157 -342 -450 -192 548
333 -353 -279 -249 -79 -53 -2 -250 -62 -82 -594 309 -432 -485 -549 -319 -464 -245 -290 -558 -276 -281 -146 -51 -313 -415 -463 -553 -326 -304 -566 166 -547 -595 -90 47 -540 -331
2 -151 -365 -445 -270 481 -281 -291 -247 -324 -26 -57 -12 -286 -73 410 -173 115 504 -464 161 -361 -491 -45 -506 -179 -382 41 -453 -328 -364 -516 377 -597 -599
211 -539 -330 -426 -151 -561 -15 -404 -9 -331 -355 -166 -427 -460 -523 484 -373 -113 -559 376 4 459 -470 302 -13 183 -63 -244 -428 -153 -133 -264
247 -155 -570 -600 -107 191 -255 -25 -286 -68 -487 -211 -465 -177 566 -440 -439 -564 -513 -567 -525 -523 -467 -348 -124 -500 -31 228 -473 -274 -42 -231
363 -13 449 -228 -217 527 -430 -204 -451 -160 -24 -239 481 -288 -585 -272 -308 -502 -147 450 -6 226 531 -435 -327 -172 -393 73 -148 -130
564 -99 -463 314 213 -192 402 -450 -189 -414 -279 258 -83 592 -94 498 -576 -40 -584 -59 118 -129 -206 -361 -272 -449 236 -185 -311 -302 387 -225 -364 -247
600 488 -33 -77 -122 183 -587 417 447 519 -82 -344 -112 415 -97 -258 -594 -556 -94 -598 -503 -574 -185 -464 573 -74 -592 149 -495 -227 -593
356 -449 -110 -594 -563 -534 -51 556 -87 -374 -431 237 -33 -81 121 -462 -265 -595 -95 -204 -65 -17 -160 -19
176 -234 34 372 -311 -203 55 -346 -91 -420 501 -117 283 -28 -529 -488 -174 -393 -464 -331 -139 57 -131 -260 -490 -520 -108 256 -394 -327 -102 -145 385
75 -169 -150 473 -366 -272 -226 -491 393 -130 39 -204 277 -90 -452 -586 -482 594 -268 -56 -57 306 342 326 -15 -389 -165
232 -326 450 -240 -553 -129 -206 -70 -506 -459 -329 40 -193 -406 127 -363 -212 -125 -344 -390 82 -55 -548 -150 18 -323 -420 -381 -90
149 486 -37 -203 -365 130 -121 -20 -218 457 578 593 -592 276 508 -80 200 -156 -521 -454 -120 312 -47 -243 -438
292 -380 -178 -318 -173 -198 -270 -596 548 546 -268 -72 408 -109 -420 -588 101 -223 -584 -89 -250 -480 -210 373 -7 -557 554 456 310 -201 29
502 -203 -277 118 -506 363 -218 -171 -125 -359 -408 -154 -600 -592 -447 -427 -344 -594 78 -571 -373 -422 -593 -35 -526 -142 -138 -61 406 -437 -146 -343 -364 -505 -31 -16
361 230 -432 -117 -251 -167 -62 -157 -170 -406 -295 -405 -381 -593 -197
207 85 -362 -35 -327 1 557 533 -420 -337 -233 -440 -211 -411 -357 -74 -561 -469 -189 -32 -410 573
582 -245 -369 -244 -537 -170 -432 -266 -533 -128 -598 -78 -181 -331 -114 189 -340 -7 162 142 -345 100 -258 -323 -112 351 87 -16 -490 -508 -494 -382 -107 -539 -8
543 -597 180 -527 417 -517 -176 -520 -5 -2 -505 -439 -345 -310 -120 440 -540 -210 -76 -557 -43 -582 -591 -116 -73 -464 -550 -444 -201 292 -264 -491 273 -16 -235
586 -147 -569 -360 -584 -139 -404 183 -80 -63 115 -589 -87 -303 -148 -107 187 -366 532 -442 -74 -213 -150 -84 546 369 133 -568 427
566 45 -177 -354 -325 -423 77 -536 -147 -86 -269 -429 296 -447 -534 -384 470 -161 -333 -246 -308 -383 370 -497 -292 -48 -430 295 -441 -516 -572 -114 449 349 348 381
533 -501 -196 -383 -486 -531 -387 -71 -589 -171 122 -362 -412 -4 -200 -165 -82 -40 -101 147 -287 -63 -98 -339 -83
421 -114 -64 -98 -440 -590 366 -100 30 194 67 457 -392 -43 -311 -419 -563 -153 -280 -562 -303 -109 -36 316 -551 -2 543
308 387 -462 -458 -205 -128 -173 -261 -304 -12 -40 -276 256 -549 595 -30 45 -563 -353 -569 -180 -126 -404 -289 -117 -378 -474 -453 -62 -326 -442 -4 -448 -218
503 -310 14 -293 593 -349 -122 370 -434 -433 -573 -224 -345 -186 -417 -311 -543 -361 188 39 285 -82 552 -111 455
152 88 497 325 -136 -576 -561 416 -269 -381 -106 -263 -436 360 540 571 398 -382 -484 -68 -403 69 -107 -92 -448 -321 464
340 -576 -52 -473 -569 -397 -516 -382 -197 -379 -394 -290 -595 -539 187 -228 -502 -120 -334 -131 -188 -47 277 -592 -417 -492 -266 -16 -408 -565 -51 -289 447 -579 -98 -358 -292 -137
540 -565 -252 -365 -3 -314 -476 -578 -275 335 -581 -130 -22 -467 -30 62 -105 126 -453 -355 543 400 -210 -74 556 -380
583 -57 -126 -290 -400 -431 -522 -122 -11 586 385 -61 -288 -235 -108 -7 -244 -582 -546 -96 393 -30 294 -133 -353 -561 -464 -408
305 -198 391 -248 -33 121 -491 -115 -561 -548 -317 -105 102 -225 -200 -56 507 -585 347 -560 -442 -502 52 -565 -537 -411 -51 -352 -448 -495 -275 -575 -377 -55 -119 434 -13 -595 -171 557
427 -523 -276 -495 -539 248 -199 -177 -57 -82 33 -356 -244 156 -256 -578 187 -488 -371 -542 -327 -178 -530 -522 -294 -417 -474 -249 -379 -367 77 -305 -485 -128 -202 -588 -454 -374 44
580 309 -289 29 -472 -348 -530 -299 -491 368 -456 -85 -589 250 -168 -283 -332 -350 235 219 -409 558 -186 -162 -574 -465 -246
513 232 -162 336 -19 -478 -389 -288 376 262 251 -3 -599 234 -17 -56 -225 298 186 307 575 -490 -243 255 -178 -274 -77 -457 -6 -25 296 -511 -235 -7 101 -525 547
253 -575 -193 460 -245 -471 -247 -6 -263 206 -403 -73 267 -261 -103 -273 -307 82 -323 -423 -249 -410 -278 94
94 -409 -344 481 -552 -509 -97 -480 -188 -234 266 258 -162 469 -155 -565 -360 576 -278 -523 -34 -482 -335 -467 -337 -129 -391 -87
272 -497 -3 -417 -314 -554 -344 -370 -192 -365 -299 -98 -579 -496 -68 -498 -205 -204 -181 -445 94 408 -111 -359
390 -229 -577 -335 -3 359 -18 -143 -483 137 -384 294 -316 -278 527 -396 377 -332 -315 -136 -448 -365 -573 -435 -43
309 -569 -232 -97 -431 -369 405 -140 -539 -394 -38 -333 -130 -48 -599 -510 -287 278 -420 174 -311 -312 289 -19 -194 -473 -537
200 152 -71 -259 581 56 -116 -239 -206 278 18 -470 -258 -320 -504 -450 -490 -109 -415 -314 -155 -385 -67 -282 -47 -411 -502 -465 -597 171 3 -80
70 -133 -173 -198 -319 -552 -352 -131 -100 -377 457 -522 -577 -391 -145 -438 -160 -433 -176 212 -250 -328 -185 -591 -55 -517 -554 -413 -330 -484 -542 -81 -461 -280 -211 -462 -90 -314 -216 -477 386 -363 -559
240 319 441 -225 -473 -130 -260 -208 -511 -14 440 -453 -340 -499 -538 371 -394 -26 262 -376 552 -126 -457 448 -148 475
215 -551 -359 -394 114 416 477 -17 -220 314 -44 203 -239 -490 586 -74 -451 389 -339 406 111 -415 -199 -438 548 -54
393 -446 290 -389 577 -547 561 -49 -581 -511 29 518 -94 -106 9 -443 -324 -255 -358 338 -545 -322 -570 -245 -10 90 -369 -1 -458 -417 184
217 -179 -248 -222 -158 -106 -598 -32 -124 -313 -574 -45
23 -365 -235 229 -168 -416 274 -417 475 -440 64 -584 -63 -143 457 -230 285 -96 243 -395 426 -521 -543
64 233 -559 -221 -169 -431 -74 -241 -322 -538 -164 -593 -303 -473 -594 66 -521 -486 -210 -63 -419 -130 148 -545 229 349 -267 -600 -57 -121
546 -244 -245 -219 -576 -223 115 180 435 -155 -322 -72 260 177 534 63 -565 -512 -502 -116 -47 -511 -310 -210 -65 -566 -84 -7 -107 -585
323 284 47 -242 -356 -156 -559 527 -90 -206 -268 -247 -411 -436 -479 -483 -390 -173 -567 -59 -225 -553 -462 313 -469 -523 -486 -511 -265 -336
484 -181 534 -260 -308 28 -85 -109 -357 -58 -358 -212 -9 -255 -89 -267 -575 -471 -426 -88 -233 -86 -48 -324 -542 453 -572 -196 -459 -406 -493 -147 -343
235 -66 232 548 -37 -307 75 -76 -228 -580 -143 -375 -499 -299 -525 -269 -226 -187 -227 381 341 560 -480 -425 -599 -189 -316 -545 -262 -541 -134 -552 -319
589 -16 28 -244 -443 -486 -267 -538 -472 -315 580 -391 -71 296 -587 -75 204 -332 -79 -351 -409 -322 -107 -117 -118
141 -472 -60 -156 -438 284 -196 -232 -197 -565 -584 -113 -519 -226 -375 -78 441 -55 560 -489 -177 -159 -20 -261 -105 -369 99 -233 -92 -339 -18 -535 -485
120 -335 593 390 -322 61 -410 -334 -571 -111 369 -169 -212 -395 -436 -569 -160 -89 -524 -161 -521 374 -549 -443 508 -289 -516 -532 128 -19 152
14 -63 -497 -155 -130 -110 -569 379 -34 256 78 -526 -397 -19 571 -528 -456 -12 -105 522 371 -372 -23 -71 -342 -554 -447 -361 485
9 -388 -32 -403 -506 -99 -330 -409 -34 -73 -156 -313 -253 231 112 -187 -328 290 -139 -38 -49 -488 -241 276 179 324 -245 -339 -470 -97
540 -333 -19 -217 -75 3 497 -303 -320 -415 -355 -552 -522 -482 -161 -116 -179 -400 -519 -515 -22 -319 -199 -236 -86 -2 -369 172 -134 -469 -34 -544 -585 -596 527 -512 -525
310 -106 246 -353 -266 -261 -65 487 -416 -290 -455 -236 -407 -79 -7 -529 -102 -54 -158 -129 -505 -148 -238 -188 508 -83 296
120 -54 -428 -163 -530 -598 -224 -9 -39 409 -41 -179 -257 -290 -77 -29 -190 -542 -588 -534 -55 -146 -207 -590 309 -149 -75 -300 -454 139 -501 -448 -479 -248
378 -544 -533 411 178 -148 -12 -412 -136 -509 -6 281 -330 225 -53 18 -427 -531 -519 -364 -492 -292 117 -306 -416 -540 444 -288 -235 -152 -484 -24 -71 -239 -309 -127 -443
397 -16 168 -340 571 564 -134 -590 105 -303 -164 -522 -49 426 -223 -251 -218 -141 -175 -563 166 -163 -338 -297 -145 -593 -83 -542 399 -234 -470 -197 -217 393 -91 -281
31 -527 -573 -318 450 229 -441 -491 -19 396 245 -268 -338 -369 -99 -331 -519 -389 -34 558 -363 -98 109
517 -483 -326 -78 -180 -200 -264 -244 589 -561 318 277 120 -578 -515 -480 -168 -481 -488 -298 -490 -253 222 -470 -379 -404 -539 -295 -500 520
436 -4 -202 -57 -170 -356 -152 -49 -550 -117 -390 -413 -95 -558 109 -595 -315 53 -351 -305 -500 -563 -61 -524 -284 -228 347 -55 -489 -542 -399 357 -555 -157 -479 -311 -599 -379
191 243 -198 281 -130 264 -133 -108 150 -399 468 -194 -356 461 -536 -541 -127 -342 -162 -511 -142 -446 -11 168 -277 -385 10 599 -17 81
221 -130 -238 -19 -197 -599 -565 -123 -99 -409 -431 -316 -422 -534 -525 -495 53 308 -45 -385 -554 -553 -3 -600 -142 -101 -439 -192 -477 -560
305 459 -457 -513 159 -388 -539 -162 -493 -437 -198 -262 32 -415 -325 -266 40 -409 -151 -136 -427 442 -376 -485 -10 -258 -504 -174 -550 316 -587 -547 -357 -582 -481 479 -134
196 -241 -566 -50 -266 -573 117 -562 174 234 -107 -84 -530 -44 -504 233 -121 -256 -483 -461 529 -30 -302 315 -284 -292 -242 46
306 -309 43 -361 -5 433 -113 85 -164 266 -173 -344 -132 -396 -126 -501 -336 538 -213 -470 -288 -463 -165 -518 -14 -379 -572 -555
136 -380 -349 -389 -62 -177 -47 -508 -270 -516 -8 -457 161 313 -292 -444 -371 -361 -58 -323 -582 338 -11 537 -135 -426 -204 565 479
271 -417 560 -122 -365 -416 -539 -7 -574 165 340 -93 -424 375 -227 65 507 -397 489 -579 -376 -558 343 -118 -373 -157 -202 -255 -264 42 -81 105 -294 -425 -176 -386 -537 474 -181 -67 -152 350 -517 -277
309 185 -41 165 79 -478 -501 -367 -43 -470 -162 -44 -369 -316 -60 -578 -355 -398 -445 -265 -339 307 -380 161 -552 390 -238 -239 -332 -176 -28 -74 -333 -522 384
550 -219 265 46 -373 -284 311 454 -264 471 -3 -363 -593 -535 -439 553 -256 -244 -298 266 -205 -548 -488 -489 -348 -193 -461 -113
288 -357 -443 -123 -49 -80 -419 -18 300 492 -305 512 -187 -350 -352 -424 -558 286 -343 -398 -142 247 -489 -206 -193 -293 -582 105 -592
160 548 43 -513 -544 -349 -195 -188 198 -151 -316 -166 -376 4 -441 -206 -270 267 -591 574 -406 -431 111 -66 -271 -203 -144 -576 -163
433 -555 -340 -454 540 -9 -472 295 -328 -515 -225 -522 -442 -513 -107 -329 -47 -403 -304 -127 342 -104 -97 -581 -59 -457 279 -64 -587 -103 -187
395 -166 -547 -180 -420 -412 -98 -468 -444 -145 -203 -363 -307 317 -566 -396 -378 -443 303 -222 -582 186 -309 -105 -144 -556 -585 -504 -275 -90 450 -64 -580 -292
570 -34 -439 -217 -108 -53 -512 3 -253 -181 -197 206 -428 -43 436 -219 316 274 -401 -4 -24 -256 -65 -182 -10 -94 -285 -363 55 -309 -124 -458 -215 150 -179 -326
126 -476 -325 -304 426 -158 -525 -251 -193 -279 400 -280 -270 -173 -370 -242 -334 399 -203 -326 -383 517 -571 -526 359 -468 -205 -23 341 -35
230 323 334 224 516 -293 -478 428 -383 120 -181 -57 -297 -172 -81 -448 148 -275 598 -414 -298 -370 -304 569 -258 -402 563 -524 -576 -509
356 225 -566 -380 -218 -253 -185 -29 -592 331 -578 250 175 -49 -196 -381 -6 -537 462 30 -550 -279 -202 -423 -283 -24 -532 -471
441 -97 -116 62 106 -563 -5 -164 419 407 -328 -86 385 -187 -408 -98 -137 -571 -421 39 -250 -201 -213 -179 12 -485 -292 -249
71 -69 580 -124 98 -392 -135 -211 -448 -372 328 583 -109 -536 -36 -411 -178 437 250 -104 -374 -331 -92 518 -229
391 217 562 -440 257 -144 455 -254 -83 -405 581 -488 -37 -7 167 -448 -371 -222 -589 -308 -107 -336 -170 155 -203 -196 -29
524 -186 -596 -568 -560 -243 -150 -334 -146 315 -1 489 -457 162 -85 -372 -549 -34 501 -52 -269 -298
294 -168 -341 -506 -343 -51 -32 -136 -233 4 -240 -183 -416 384 292 -388 -547 -335 585 -554 5 333 -214 248 -184 -306 -197 -112 -534 -84
596 -223 -311 -587 -263 -572 -54 -102 398 -548 156 -207 -509 -347 297 -206 -319 -350 -314 -256 -59 -371 -534 -166 -277 -555 -226 -116 -354 238 -349
177 329 37 -196 308 -420 -171 -7 -5 -286 -577 -290 314 315 -429 142 40 -508 -556 -205 -250 -135 147 -258 -389 -160 -478 -451 -373 15 -573
314 -418 -327 -53 -491 -201 -445 -597 -166 -273 -145 -500 -338 -464 -109 -175 -332 -205 -221 -357 -149 -423 -514 -156 -208 -146 125 266
577 -93 503 -546 -42 -338 -323 -32 458 -319 -286 583 -77 -404 -166 -131 -130 -19 -107 -289 -283 -170 -425 -358 -466 111 -359 -416 492 360
539 10 -304 -581 368 -566 -238 258 571 -191 -341 160 524 301 138 -227 -364 -599 -577 -35 -514 -176 473 -200 -216 -273 360 283 -17 -482 495 -136
435 289 -451 -344 -262 192 -562 -141 -396 -305 -258 -106 -84 -340 -388 -416 -349 -123 -187 -318 -582 -228 -188 -474 -151 275 -443 -475 -382
236 -411 -267 -25 -408 -181 -258 -165 -595 230 -300 -438 -471 -84 -42 -507 -87 -242 -270 -81 -557
58 -326 -564 -550 -140 -447 -596 -193 -487 -50 -267 -331 -282 -60 -390 -499 -304 -580 -513 133 -67 -154 -546 -197 -129 -41 -492
58 251 -205 -71 363 -526 -438 -364 -68 -592 -224 -204 -175 -337 -45 -232 -439 -589 197 -66 198 306 -339 -308 -441 -69 -138 533 -577 -65 120 220
552 -5 -191 -214 -469 -241 -504 -173 -516 -287 -452 -118 -587 -298 488 -328 -471 -190 337 -254 -416 -34 -64 -449 -177
358 -417 -489 -103 -511 -579 -499 -33 -265 -384 -196 139 -462 -46 14 -76 -382 -42 -52 -194 -460 -37 -254 473 -250
183 -506 -564 -176 88 -468 -102 -540 -353 512 116 -227 -493 -315 -122 -119 476 -514 -181 -535 -429 71
584 350 -127 -259 -474 -347 -107 595 149 -575 -166 371 -219 -429 -334 -600 -501 -239 -109 -216 -125 -160 289 -75 -89 -153 -351 -163 -273 -537 437 -192 245
280 -264 -6 -448 -357 -524 -189 -530 -512 -98 253 -36 -131 -60 103 -275 -101 -93 -152 -387
567 201 -574 -224 -29 -250 -476 -433 -312 417 -274 174 -172 -23 -392 479 -496 -357 -538 -218 -442 -545 -543 216 -108 -364 143 -295
350 -87 -136 -185 -533 -450 -470 -21 -64 -295 -199 -218 -8 -219 267 -382 -511 -171 -217 507 196 -324 -454 -514 -134 -102 -442 -422 -393 -364 -151 -262 -384 -144 433 -254 -142 40 211
43 -341 -397 33 -36 263 406 -427 -351 -383 -239 586 -228 -480 -55 39 -56 -526 -390 -260 196 -375 -314 293 442 -520 -593 301 -35 -354 -429 -308 409 -417
578 -468 -421 -212 -151 -27 -469 -477 -112 -316 -165 -592 -343 -262 -247 -493 -246 -529 -446 -245 580 -38 -344 -14 -142 -211 -554 -433 -330 223 -54 -338 -299
374 -531 -277 -439 -123 -117 -289 -238 -124 -375 -509 -152 403 104 -436 -287 -481 -82 -518 -205 -94 -183 -386 -414 -418 -9 -411 -385 -261 -452 -568 600 -451 -182 -454 -483 -145 -90 -370 -234 351
336 186 -362 -115 -483 -539 -206 -363 -213 -547 -396 -352 134 -594 -52 -64 -391 -287 -295 -31 326 -85 -515 -328 44 -353 -123 -397 270 -224 -284 -514 -5 -583
544 -119 -422 -341 -314 -576 -485 -444 87 -589 392 -396 -389 -36 -543 453 -499 359 -213 -493 -391 -233 -548 -47 540 -366 -534 -313
73 102 234 -17 -411 -563 -60 -49 -176 -307 -534 18 -213 -599 -135 -538 -321 -82 -251 -112 -284 460 -68 313 -448 -334 -253 -247
459 -290 -217 -320 357 -322 -137 -225 -391 -416 -172 -268 -185 -531 -23 -549 -164 -421 -280 325 -428 596 -181 159 -313 399 -106 -479 361 -586 184 -516 -400
19 -349 -302 -99 -342 -206 -351 -586 -493 -371 -184 -127 -44 -248 -4 -204 -101 24 -64 7 -413 -294 -282 -259 -211 -472 378 -134 558 -35 -506 -585 -529 -268 -447 -69 -179
219 -147 -13 -84 -116 -79 -364 -575 -11 -172 -191 -29 -57 -441 -348 -4 -540 -297 182 -291 279 -531 -393 -322 -354 -440 -78 193 -578 -96 -148 -477 -341 -121
269 -361 -131 -513 -243 -143 -203 -350 -582 458 -214 -263 -523 -189 -8 -452 -597 -252 -351 -505 -111 -262 -126 532 -215
566 -434 -422 -375 -497 474 -195 -326 -322 -396 117 -465 -515 -47 -56 -185 -258 454 -278 53 -336 -152 332 -151 -240 -549 -514 -232 -486 528 -568 -262 -449 -88 371 509 -558 -485 -353 -314 -304
153 -190 -546 -404 -197 -271 -407 -68 -251 -109 -220 -581 -130 -303 -317 -73 -100 -128 -380 519 -284 -585 -420 -377 -222 -333 -440 -115
544 -45 -578 539 -10 460 -53 -406 -515 -54 -173 241 -407 -584 -348 -385 -206 -134 -240 -106 -599 48 156
523 221 -556 -504 427 -587 -424 -171 -407 405 -597 -520 106 -107 -536 -265 -16 -353 -315 -30 596 557 -495 -67 -185 478 -78 -593 -435 -80 -349 -223 -387 -463
181 -538 -333 -289 -403 -351 401 -5 -145 137 -186 -426 -519 -167 -492 -235 -102 -296 -392 -231 -566 -404 372 -270 -35 -275 -389 -92 -580 -402 -47 -323 -106 -468 -8 -432 -569 -217 302 -391 -399 -397 -518 -512
345 -211 -263 470 -499 406 -243 -139 -300 -252 -41 -272 -593 -550 -553 -329 -82 -109 -153 346 -535 -246 -127 -45 -236 -117
379 -577 -212 304 185 -283 39 -221 -436 112 -384 340 -9 455 53 -61 -86 -570 -157 -490 -505 -450 -497 454 -124 -268 16 -26 173 -97 -371 -403 -491 -547
125 4 241 -286 489 -3 -190 -573 -8 -1 -315 -291 267 -365 116 -516 -62 -343 -44 -51 -575 -289 -107 -385 -577 -336 -245 -273
393 -325 -551 -77 -182 -427 -143 -421 -579 -420 -477 -227 -239 -318 -110 -30 -454 -399 81 -425 490 -160 -492 -187 -78 -268
48 -31 -150 -266 -423 -258 -462 -419 1 -17 301 -162 120 416 -79 -113 -473 -132 -479 -357 -444 -103 -193 -101 -415 -10 -489 -507 -87 -142 -267
471 -555 -233 -553 -166 -79 -384 -179 -485 -53 -600 -235 -182 -133 -590 -106 -463 -151 -158 59 -525 -150 -588 -343 40 570 -236 -12 -452 -244 213 433
159 599 -216 -600 564 430 -433 -466 -551 -45 -374 -471 -137 -54 104 -126 -16 -317 -435 491 438 -115 -165 -124 -9
306 -456 -4 -420 -272 -263 -74 355 432 181 51 -86 -294 -88 480 -550 -530 -573 -176 -259 -325 -358 -329 -120 -20 -220 -357 -69
214 523 -420 120 -186 -50 -393 -390 -27 -317 194 322 -201 209 -17 -80 -154 -287 -113 -71 -198 -310 81 -281 -505 -184 -409 -131 -230 -349 9 -64 -546
267 -65 -208 -366 96 -209 -459 -578 -144 -458 -464 -435 282 170 -338 -313 216 371 -25 -8 -591 -494 -423 -36 -268 -168 -239 -397 248 -200 -95 -530 -482 -324
376 269 261 581 -89 -309 -281 -323 -403 -387 -235 -145 -529 444 -502 -169 -478 -335 -109 -516 -112 -493 -556 -572 509 -565 -220 147 -254 -79 -174 -121 -530 14 -115 -141 -273
301 -487 83 514 -26 -357 238 -569 -455 -583 -203 150 -556 -500 -462 -376 -331 -96 60 -162 -409 -354 36 519 -397
323 -288 -208 -304 -183 -387 -104 -333 297 -206 -353 -569 -480 -397 -279 -572 -116 -315 -586 -223 -390 159 -92 -582 72 -232 -231 -592 -476 -109 339 283 -228 -132 -350
317 -267 -277 280 -510 -467 -481 -595 -484 -551 -168 -70 -535 -294 -329 -494 143 288 -501 -231 358 -400 49 411 -557 19 -258 -3 -278 -112 -140 -129 216 -384
584 -504 330 -320 -122 -447 -24 -314 -480 -534 -156 -278 -36 -3 -542 -32 33 -11 -210 -201 -581
487 -112 -548 -175 -234 -4 381 -450 -103 -82 -22 -355 -174 -517 5 -541 -111 -77 -219 -95 -397 532 -57 -125
512 -120 -321 127 315 -561 -587 -261 -119 -43 -446 -63 -337 -592 -155 -18 -509 477 -35 80 -234 -459 -334 266 -498 -180 -556 -472 -399 -68 -246 -5 -193 -532 -291 -11 -434 -215 390
478 -228 -500 486 -119 -489 -421 -257 -224 -362 412 -520 -128 -289 -600 -482 -106 -578 -472 -261 -378 316 -57 -82 -454 -370 332 -347 -59 348 -18 -117 -505 -33 -557 -221 -302 -62
405 -590 -458 -20 -542 -111 -134 -13 280 -432 -149 -320 -148 -146 -599 -302 -297 -502 -240 235 -535 -474 214 -548 -2 -329 -465
53 -309 -486 588 12 -96 -587 -73 161 -177 -526 -65 -374 -445 375 -157 -522 -261 -538 467 -483 -414 -35 -78 569 -484 -41 -269 -45 -310 -337
498 589 253 -219 -135 -44 -290 -160 -137 62 302 -436 -384 18 -154 -207 405 474 143 -395 -220 -495 -80 -560 -369 -429 -147
151 -211 -122 -466 -217 206 -76 -500 -514 221 -310 -42 -228 63 -270 -283 -89 -45 -213 380 505 -22
424 -530 73 -25 -400 566 -456 558 -99 -240 -418 238 -283 -344 -30 -235 -419 455 -145 -319 -512 133 -302 -112 -186 -60 -125 -580 -430 -11 -275 -307 -14 40 -505 -313 -116 -4 -8 -129 -140 41
372 -556 -397 -106 -81 -385 -16 -557 -309 290 -248 -280 -190 63 -401 -142 481 -145 -222
60 -148 -39 -231 -63 567 458 -483 -57 -346 -368 -514 -515 -46 -380 -213 -584 -404 -511 -117 -321 -136 -98 -541 -82 -320 376 -183
505 -210 56 167 -326 -441 198 -147 -87 -545 -165 535 -468 559 -257 -289 -93 -341 -401 -397 262 67 -153 220 -128 -556
290 -473 56 -444 -2 -590 -137 -599 -600 -230 254 -292 45 446 -26 -322 -441 -154 -469 -548 117 -163 -349 -157 -194
161 -16 -459 -101 -74 -32 -524 -147 -486 -348 -426 127 530 -104 -102 63 286 -220 -573 -463 -568 -109 -298 17 -126 -337 -532 -246
23 -383 227 -237 571 447 -590 -32 62 -391 -556 275 350 -78 140 -109 518 325 584 -464 -322 510 -329 -381 -371 -337 -384
477 -154 -502 -246 -434 -600 -48 -307 -350 -590 -464 220 -563 -393 -436 -142 -357 -1 -93 173 -450 -250 593 476
84 -426 -431 236 395 -169 432 -372 498 366 -313 176 -56 -211 177 -108 -593 -516 -100 572 -525 206 179 -427 493 504 -397 -471 -129 -534 277 -331
96 -148 -509 -115 -62 -464 178 -234 -199 -151 -312 543 -285 -33 -555 -368 -409 -215 -122 -408 -102 66 -6
385 -451 -539 -78 -168 -553 -415 -557 -196 -339 239 -249 -22 -454 -250 -276 -470 400 373 -521 502 418 -330
389 -440 -7 19 -385 -502 453 -409 -280 -346 327 -81 -512 -106 -55 -36 278 -306 -67 -82 310 91 -517 -179 -157 -100 -392 -470
133 -75 -216 -346 -503 -27 -278 63 -256 -283 -417 -163 -309 -441 -388 -343 -128 -164 -565 -291 -485 -179 -241 -389 36 -520 -476 -452 -472 -77 -259 -340 -137 -245 -410 -413
144 -21 -135 -175 -204 -208 -141 -87 -557 382 -323 -38 -71 -59 301 -597 -142 -401 -250 -1 -600 -34 -239 537 -533 -112 -162 -182 -591 -379 -324 -16 -36
206 -436 -415 313 -499 -278 -374 207 491 -42 -324 588 -525 -470 -448 62 -532 -582 -468 -375 332 -543 493 595 -173 457 -528 -32 -344 563 233 -447 -126 -7 -116 -247
184 -268 -68 -413 -344 -472 -582 -171 -425 -141 -269 453 -405 -35 265 -428 -52 525 -166 -160 -53 -555 -213
330 -428 -150 352 -92 302 -142 -595 532 -474 -323 -485 -118 -175 491 -280 -424 -503 -391 -358 332 -387
285 -569 90 -582 525 -213 -81 -42 -51 314 -431 -143 155 -62 228 -445
82 -102 -458 -14 -342 -568 -293 -140 488 -404 -202 -296 -174 204 484 -344 406 -420 -212
460 -434 -180 120 -70 -253 -66 -392 -327 595 28 142 -442 -387 -449 544 -257 18 -454 -64 -464
113 -409 -89 -454 -584 -168 -332 554 -400 -571 -351 -587 -517 -240 -411 -391 -408 -545 353 -440 -432 -257 -71 -74 343 182 -534 -236 -193
437 -491 -19 235 -405 -294 547 -232 -487 -353 -408 -596 336 212 -106 -89 58 -187 456 -301 -349 -477
566 -9 -489 -275 -125 -102 -238 466 -316 -194 -541 -347 -470 -105 -181 -255 -288 -87 272 -133 572 -589 -530 -58 283 -467 -361 461 -482 -384 264 -580 -395
535 -275 -412 -119 128 -43 -446 -4 -439 -256 -85 -513 -260 -511 290 -591 -448 -310 -516 158 -8 -108 -126
528 -105 -235 -253 -495 547 -181 -164 -329 389 -469 -179 -483 272 -309 -106 -208 -493 460 -255 -551 28 -258 -265 -530 -39 -56 -267 -339 171 -270 -342
99 492 -52 -495 -583 -399 -89 -284 -189 -452 -559 -522 -6 -109 41 -267 -81 128 -342 -450 -515 -103 -463 -357 -274 -416 -467 -136 -9 -247
599 -237 83 -420 -183 -198 43 -304 -489 -149 -199 -163 -93 -515 -51 242 375 -596 -500 -64 -390 -437 171 -314 102 -196 -444 -19
235 504 -464 -442 544 -497 362 -169 -595 -559 -213 -509 -426 -481 -452 -409 184 -361 236 -511
101 -344 -458 -3 93 -474 -370 -100 -202 -312 56 -462 -238 333 -235 119 -558 -591 537 278 -568 -361 -53 -320 -499 -358 -220 -5 264 -323 -200 -442 -72 -457 507
425 -49 -13 -477 208 -538 -220 -500 -4 124 -247 -190 -562 -261 -186 -482 -77 136 -323 -486 -426 -29 -414 488 -238 -494 -479
537 -47 25 -60 -563 567 364 -531 -275 -466 -473 -468 -238 -18 -300 384 -21 -64 -294 292 -189 -286 412 -55 -68 -289 -394 -158 -475
25 -588 -12 -422 273 -385 -43 -132 -91 -417 102 -156 -284 -436 -231 -458 -313 -374 -79 -452 -314 -309 -237 -396 -224 -177 -166
511 -56 -367 -14 -220 -391 -10 -425 -393 -382 299 -463 146 -69 75 -98 260 -200 -385 -209 -285 -247 -503 -227 -478 358 -446 -217 -96 -408 -278 -372
383 -67 -312 -542 -243 -104 -82 37 -223 -102 -222 -47 -409 -156 -391 -433 -253 -562 -585 -413
124 -102 -312 -261 -399 -299 -259 -136 -4 -527 -40 216 -458 -166 -274 -398 12 -444 108 162 -9 454 -223 -520 -34 397 -576 -593 -498 -589
342 -431 -595 -224 -141 -308 -167 -484 -479 -561 -101 -172 316 -470 452 -267 -507 -170 157 -435 -445 490 -149 -190 259 369 -247 -358
491 -86 357 -334 -11 -538 -258 -272 -551 -52 -31 -338 504 -262 -138 288 -187 488 -414 -28 -439 -193 -49 -18 -33 -449 156 -114 -121 -56 -362 27
572 -478 571 -552 -280 156 -376 511 -528 -222 406 -443 -281 -195 -329 -600 -57 20 -190 -535 -393 -184 -91 -182 -204 -45 -497
35 371 301 -475 -65 -275 -356 -220 388 -465 -221 -317 -207 -69 -73 -168 235 -55 -485 -362 39 -63 -180 24 -271 -82 -363 385 -500 -135 -568 -528 -503 -414 154 -493 -1
381 -341 -43 -365 -309 178 -253 16 -33 161 -355 -304 -107 -331 -425 -420 -40 -34 -102 -394 -291 -356 -322 -366 -378 -46 -217 -507 -182 -518 -526
392 -571 -4 -509 234 -427 -342 -530 237 -243 -162 -39 -594 -193 493 -268 -566 -307 99 -10 -447 -455 -154 271 -469 549 12 -103
294 -447 521 140 -331 -335 542 -570 -131 -587 162 -354 -58 -426 -277 -260 -373 -182 90 243 -47 -325 -34 467 353 -318 -65 -248 -583 -71 -283 -231 -474 -327
553 272 -85 377 -24 -447 -155 -279 -331 -530 -254 -559 -151 -537 -49 -514 -567 -586 -221 -326 -32 -83 -80 -471 -236 -159 110 -583 379 -293 -456 371 -515 -213 -596 -174
168 -378 -359 -501 -566 -472 34 82 -245 -22 -130 -158 -490 -140 -329 -508 -384 -446 -599 -4 -361 -587 -539 -435 195 -19 -509
315 -559 -431 -28 -383 -129 -444 -194 -113 -285 -26 187 -511 -193 537 -32 -29 -104 -503 -569 -439 -370 35 -313 -201 -375
378 -273 408 -400 -470 -296 -193 -514 -46 114 -381 -586 307 -413 -87 -247 -109 99 -291 357 -276 -168 -567 -485 -102 -194 -418 -407 -402 -95 15 -354
92 139 -372 -37 -369 -152 -481 -261 -580 -236 506 -326 -8 -53 -34 -472 -119 -316 356 -566 -442 -546 -510 -300 -296 -31 -150 -156 -128 -76 -147 -83
181 -438 -389 -202 538 -310 -525 67 -109 -359 -531 -378 -466 -326 93 -578 -515 -446 -226 -242 -419 -335 -190 -200 -253 -210 68 -159 -479 163 -13 -71 103
451 -526 -583 -417 81 -536 -187 -522 -69 -501 211 -137 -413 -374 -402 -476 -567 -243 23 -589 -541 -196 -533
405 -123 -596 -66 -416 109 -242 -541 -307 167 -340 -303 -354 -485 -72 -373 -578 487 -557 -239 -181 -506 -240
471 308 514 -4 -145 -576 -201 -473 -74 -548 -327 83 -501 -522 -561 -133 -167 -16 -446 345 -448 -355 -111 -439 295 -241 431 -401 -445 -370 -198 587 -94 -73 393 -162 -110 -161 -174
116 -461 -81 -517 -25 -463 573 360 -335 -273 -471 -396 -569 -289 41 -470 236 -137 -599 -203 69 436 -275 -187 -584 -351 419 -86 -87 -115 157 339
318 -1 -270 -386 -268 -404 -54 497 -432 188 408 -563 -377 -376 -2 -202 -538 -249 -518 254 -60 -146 -444 108 -465 178 -333 -296 -314 -193 476 -284 -350 -137 -158 -172 -435 -596
32 292 -133 -451 -393 -464 -42 -197 -223 36 -176 -455 -471 124 -563 156 -177 -85 126 -485 -95 -192 -433 -540 -257 122 -139 -280 -518 -248 -228 -461
18 -330 52 -380 -288 -193 -171 -17 -153 -540 -484 454 485 -218 -405 -354 -295 -588 -412 -137 -127 535 281 -385 -59 -104 -377 138 -503 -8 -440 -146 576 -524 -303 -322
63 -357 -153 -146 -334 -317 -586 -532 -569 -144 -549 -336 304 -267 -350 -240 -335 -374 -406
475 -435 -361 -590 265 -563 -181 -155 -77 -311 -425 -295 474 -521 -516 -304 -543 -344 -301 384 -300 -412 -352 62 -513 -427 195
263 -335 -309 -343 -235 404 -86 -515 -401 568 459 -9 -389 400 -240 -173 288 -158 -415 -283 155 171 -573 -493 -300 -169 -134 -139 -556
528 -116 -367 -128 -445 -364 -17 -409 -480 -321 33 -170 -400 -108 198 -219 113 -293 -498 -183 -166 345 -274 235 -240 -572 -290 -337 -376 581 289 -591 -529 -60
159 -10 -206 -102 -137 387 -379 -177 273 -481 99 -268 -554 -180 -330 -280 73 -219 -101 -65 -2 -118
167 -134 -453 -565 -341 343 -576 363 -170 -507 69 -228 -545 -594 -220 -315 -367 -224 401 7 -63 -464 -415 330 -535 -103 -393 -16 -314 145 -354
475 10 -530 -152 199 -112 -240 -216 -564 -508 -155 -285 -536 -306 -197 -287 -4 -185 -118 -519 -439 -385 -568 -561 -434 290 -494 -464 230 -105 -386 -366 127 495 569 -372 -226 -303 -210
421 -25 -470 313 241 -223 558 -23 -163 534 587 -317 -220 86 -429 509 -198 -96 -378 -568 -196 104 -427 -510 -151 -300 -43 -415 109
514 -521 -385 211 -122 -557 148 478 -550 -293 -360 -41 -600 -125 -486 564 -212 -289 -404 588 -428 -316 -119 -272 254 145 -228 -488 -491 -574 -101 -464 -223 -546 -505 -481 -382
19 589 -553 -509 -64 -241 -14 -5 -375 -361 -256 -38 -123 -1 -259 -232 -391 -76 -371 -130 -501 -148 -53 -2 490 -89 -283
120 -261 288 246 -286 -404 -236 -188 -373 -17 547 -3 194 -400 -427 405 -564 285 -433 93 -82 -459 -540 -415
402 -264 -446 600 -152 -390 -6 -272 -464 -516 -501 -202 -317 -177 -553 -368 -144 -314 -352 -142 -39 -172 -55 -119 584 -438 -79
45 -447 -31 482 134 -379 -131 56 -126 -161 -436 -58 -474 -574 -37 284 -234 243 -518 -157 -211 191 -444 354 -15 -247 -566 -235 -317 -515 -277 -550 -300
461 584 -16 -580 -56 -264 224 -309 -106 -132 -530 -223 -196 -537 -312 -27 -565 179 -453 -349 -556 -357 -233 -21 -149 -268 -488 -67 -156 -242 -68 -592 -127 54 -259 -261
581 312 -300 -293 -215 -305 -178 -273 -121 -32 -329 -317 -321 -272 -95 -567 -49 -533 -328 -524 -251 -445 -194 -16 210 -130 -40 -414 -99
537 -204 -460 -209 -306 176 -245 -555 -46 -291 -195 -332 -239 -156 -422 -87 -160 -596 -261 -503 -75 444 -375 262 -587 -162 -201 -585 -59
1 -243 -242 -314 -330 -101 193 -182 -375 -219 369 -379 -465 524 -450 442 -531 -367 176 -86 -188
184 -273 -594 -484 -18 110 -532 -556 -103 323 -367 -464 -448 -335 -203 -326 20 530 -431 -65 -497 -406 -121 -118 -290 -401 -391 -283
246 511 -124 -394 -306 -526 -501 -309 -164 -456 -477 -15 -481 -351 -512 591 -35 52 415 105 -302 176 -214 -577 -396 114 -144 36 -364 -559 190 -235 447 -273 -344 -299
40 -522 -331 335 -444 355 -78 -489 -294 -176 -346 -264 -170 -70 -304 537 -61 -127 -318 -535 467 -201 -19 435 -261 -400 185 -211 -116 490 -313 -311 -96 -422 -203 -58 282 -565 598 -328 -289 474 -53
337 288 509 12 495 569 -6 -246 -291 -22 -358 -469 -245 16 373 -235 -76 -83 592 -295 -280 -66 -511 491 -301 599 -367
560 115 66 364 -587 -380 -598 -285 -402 403 593 540 -24 457 559 -332 236 -224 -384 -174 -31 -557
323 -471 -239 218 329 -311 -262 -432 -316 -319 -367 558 402 -492 -354 -263 -462 -296 -91 -213 -90 -393 -83 -352 -513 -65 -409 413 -49 -382 -512 -324 -147 -473 -302 -133 45
580 511 -92 165 324 -510 -183 -309 -308 -503 -6 -217 -587 148 -321 -55 -174 -292 -189 -131
17 -120 -366 -147 -589 -179 -287 -364 102 187 -600 -124 138 -405 354 -131 -113 -385 -257 31 -45 -384 -586 -572 -52 242 -439 -189 -381 337 -201
359 -227 -314 -80 -573 74 509 -429 -522 -445 559 -116 397 -317 -287 -330 -436 145 307 -240 -438 -33 -548 -41 -458 -148 470 403 230 -433 86
313 -427 -322 -520 -373 -368 402 -295 -266 -458 -547 91 -356 -494 -95 -24 -491 -574 -571 -86 -214 530 -529 355 -391 -213 12 -120 -430
185 -337 -220 -181 -273 -486 -67 -498 -117 352 -217 531 -180 -242 -199 -594 -287 -299 -255 -329 -573 277 -564 -431 -226 -550 -522 239 -422 229 3 499
586 -179 -336 -170 -563 -173 -276 -90 -151 -155 -597 5 237 -296 485 -374 -293 117 -541 -150 -275 3 -458 -557 -164 398 -363
382 -158 -246 -495 263 -247 -251 -80 493 -503 -378 -409 -135 -193 71 -459 16 -507 184 -187 -73 -222 -489 -570 -126 -515 398 -527 -120 -181 -271 -523 -543
448 73 -490 -425 -401 -83 -539 -464 -485 117 -26 -432 -249 -377 -38 -593 -88 263 210 -454 -145 -566 -189 -36 -444 206 -122 -49 -564 -298 -53 -166 46 -285
130 -52 74 -417 -129 -53 596 -301 -479 -582 -95 -244 -102 -539 -3 -39 221 30 -302 -346 -280 -180 -172 -291 -285 -594 -157 -289 265 -308 -416 40 -139
314 -115 -64 -456 -294 -132 -499 436 -42 -475 -222 -261 -174 -410 -148 -295 -94 185 -426 -560 -161 -260 -417 -591 -279 -551 -139 -215 -582 -194 -1
477 -42 -100 191 -516 -410 -412 -563 -113 -79 332 -289 561 -144 -359 467 -479 -594 -261 -324 -37 -350 -574 -326 -23 -564 -54 -323 331
466 187 -374 -259 -382 -270 -194 -196 -492 -310 -587 -386 -575 -226 -142 -122 239 -397 -207 -420 293 -153 112 -447 -90 -1
257 -35 -62 -547 -540 -110 410 -376 -10 -352 -539 -114 524 -357 -87 -393 -5 -128 -378 -317 38 -535 54 -22 92 -369 -101 -512 -343 -144 -247
419 -537 -228 -61 -27 -236 -337 -196 187 -490 -392 -293 -404 -320 192 -29 36 -160 -194 -229 534 -230 -455 -20 -470 -34 -376 -188 -221 -151 -341 -252 -316 -551 -444 -318 -485 -429 103 -7 398
267 471 499 132 -519 -384 -119 288 -530 -547 -57 -421 -173 -10 -85 -120 -414 -493 -470 357 -401 -524
179 -95 -454 -559 -304 -153 54 -372 -565 -500 137 289 -75 -38 377 31 -455 -404 -247 -562 593 -462 -314 407 -51 -176 -384 -136 11 -88 -221
360 -337 -570 -284 191 -216 -477 -268 -89 -274 -139 135 -175 -528 -92 -391 -263 -44 -189 -265 -489 -367 -309 -115
530 -416 -421 414 -213 -482 247 -214 -126 580 -262 203 -17 218 -361 172 -357 -427 -453 -422 -269 -591 -498 -429 184 -541 -420 -190 -486
379 -166 -86 342 -183 -224 -298 -540 524 67 -85 95 -423 -246 -251 -521 -594 432 -127 -213 -295 -92 -125 584 -274 -414 -516 -80 -264 -472 484 -234 -59 -57 448 491
87 -475 -445 -536 93 -484 -245 -566 -324 -319 -244 -528 -588 -458 -380 -417 -226 -89 -10 -36 -59 -447 -228 -367 -49 -126 147 -479 -521 -306 351 -454
77 -73 528 537 -150 -126 117 324 -415 -581 -539 454 313 -364 -348 -75 -239 -144 -269 -102 -307 -99 -211 286 164 374 -321 -322
575 -74 586 -407 -541 -142 -244 -403 462 -416 -503 -423 -361 -49 -219 -69 -91 -103 -298 -406 81 -157 -375 -409 -365 -260 -317
147 -257 -46 -143 579 -28 -539 -598 -155 -15 -58 -210 -321 341 -85 -285 -416 -296 -444 -130 -580 131 -565 -382 -436 -219 -574 -182 -585 -29 -498
341 -562 -9 -471 -39 -336 -315 -576 85 -230 -450 -387 -503 -376 -48 384 -283 -502 -534 -495 -187 -225 -416 241 161 -470 324 552 -401 -419 -152 -202 -44
511 336 -350 -501 227 515 -419 17 163 -356 -180 -583 265 -442 -77 -505 -530 -480 -247 -398 -476 -352 -114 387 -551 -157 -146 -333 289 -175 142 -430 -215 -169 -559 278 -207 415
468 -385 -188 -128 -115 -485 -91 -249 50 176 513 -204 -187 -119 361 -247 -110 -466 -339 -217 -578 -289
419 -395 -293 -103 -230 496 -596 -239 155 -364 26 -422 254 -485 -370 -28 -145 503 -126 -148 -535 -344 -571
331 -269 358 -429 -480 -65 -598 232 -407 -552 -259 -141 -243 432 -530 -83 397 -137 -206 -70 -48
219 -500 -195 -250 -236 -57 -391 -409 -347 -297 -592 -443 209 518 -71 -264 -385 352 -419 -466 -223 -532 -305 296 -536 531
370 -254 -44 -198 -359 -336 -263 -485 -452 -353 -232 -501 61 -585 316 73 -347 -368 55 -4 530 -428 -126 -87 334 53 -194 175 -555 -121 -511 -383 -424 -65
348 -470 -186 -586 -476 -275 -326 480 -462 -386 -422 -118 417 -94 -583 -129 -235 -420 -83 100 -355 -546 -303 -188 -239 -410 -120 161 -447 -51 -312 238 -482 -581 185
485 -30 -456 63 -280 -77 -356 -318 -384 -83 -412 -528 13 -439 -186 -553 -481 -25 -197 -502 -312 -321 -259 -173 414
526 -536 -482 -324 -204 -11 419 -246 14 -207 -415 -146 -106 -366 -293 -5 -176 581 -220 235 -275 -174 -194 -329 -517 -591 -531 457 -553 -104 239 -92
430 322 -247 -422 32 -113 -351 -376 -291 -310 -314 -219 -583 -56 -107 -526 171 -508 -318 -504 -341 435 -580 421 -489 -188 -87 -109 -57
504 -251 13 -358 -598 -493 -203 -148 -567 -462 -211 -26 -527 -371 -280 -421 -383 -426 -549 -424 -337 -258 -215 -561 -387 -308 346 -51 312 1 249 -46 -197 472 -220 -578 -250 -452 -147
495 -600 -228 -310 -487 200 -390 -185 182 -425 190 -333 -21 16 -388 -206 -357 -277 -257 -86 -33 -509 -593 -547 -155 -514 382 -181
486 66 536 -498 63 -374 -571 -491 -423 -412 -534 -172 -5 463 579 210 -52 -541 -168 -99 -348 -465 -150 -551 -501 -95 -526 80 -398 -46 420 -468 -591 -529 -265 -112
145 -64 -102 -25 -384 -511 -556 -248 -472 -327 362 -466 -219 -47 -500 163 -206 -223 331 -526 -583 459 -62 251 -573 576
518 -167 -591 -458 -569 380 -196 273 -314 -215 -246 -36 -352 -161 -566 -147 -266 58 -594 549 -574 146 -75 -159 375 -142 -317 198 -298
76 160 -50 299 -162 -364 437 -458 -184 320 -182 513 -522 -551 -217 -450 -289 -121 59 195 -483 -428 475 -254 -49 -309 -353 -37 -473 -403
502 -327 -503 -146 -597 156 -248 442 -20 -182 -1 -276 -78 -571 -88 -31 44 -83 -197 -302 -462 32 77 -222 -175 471 -164 -397 -419 435 -239 -228 -415 -402 -241 -123 -38 -431 -437 515 -452 -433
38 -133 -583 -5 -430 -142 -520 -490 -317 -252 -500 -24 -579 -418 -27 -431 -297 347 -36 -417 -122 552 -171 -241 -29 -382 -429 -304 -371 -374 -377 -399 -319
377 -501 -249 -321 -64 -20 -287 -402 -483 -144 -495 -367 -493 -84 -90 -318 -359 -334 156 -248 -1 -491 14 -510 -149 -61 -465 -341 -451 365 -148 -528 -189 -289
299 543 -518 -181 -560 433 -456 -291 -437 -385 -453 -91 275 -348 -434 321 -70 328 -47 -499 -35 215 -571 -213 402 -598 451 -494 -414 -306 -77 -98 539 590 390 525 -67 -153 482 -389 -13 -502 30 362
407 -138 -297 -136 -465 -29 -427 -422 212 97 517 470 471 -454 -363 -491 -353 -310 331 -278 -405 -76 -330 -95 -145 -31 -572 -173 -599 -188 -17 -457
81 -404 -262 73 -331 300 -249 -282 -167 -591 -252 -461 232 585 -333 -158 -463 -139 -289 398 -76 -234 -149 -531 -83
253 -408 -245 -133 -389 -446 -500 -181 -530 -213 -371 -139 -337 -294 -167 -550 -162 -143 -114 -277 480 -232 -556 -385 -310 506 -549 -328 176
179 436 -384 -55 -268 -360 -68 -402 -36 -362 -133 -400 -232 -334 -177 151 -361 -516 221 -91 -412 -464 22 -266 -560 -445 -263 -477 -405 -60 -48 -101
6 -562 -590 -332 356 444 -513 -382 92 -66 -597 -20 299 -124 -34 -486 -166 -108 350 61 -139 427 -521 -360 -581 -380 -47 426 -428
237 -69 -82 -217 -180 -523 -63 -342 -299 80 -74 541 -322 -476 -404 22 -268 -12 81 160 -336 -277 -462 -521 -472 -91 54 -555 -519 -461
583 -142 -138 -380 -22 120 -88 457 -568 -150 -218 -396 -117 191 -268 468 -189 -375 -491 -51 -145 -173 -197 -362
129 -540 -485 -441 -232 -32 -470 177 -552 -132 -375 -294 -118 -48 -520 -28 -124 -422 447 -322 -14 -140 -446 -160 -86
373 -45 -211 -561 -314 -260 -127 -307 -200 -91 -202 -98 489 -67 -112 -174 192 481 -408 -473 -228 38 250 -20 -543 412 270
79 -135 -21 -15 353 298 -77 236 91 -3 304 -435 257 -50 -416 -299 301 -75 -407 -4 -226 -65 349 -338 -396 -453 -415
549 -530 -298 -380 -214 468 -109 585 -152 -527 512 156 -523 -40 -385 -106 -92 -117 -329 265 381 -159 -416 -552 254 -100 -229 -543 -275 -50 -595 537 -358 -316 -63
141 372 -62 328 -145 -283 -317 -198 -326 -318 -153 -261 -502 -391 -35 -400 -355 -396 -587 -53 -1 348 -427 -571 -97 -246 406 -356 -242 -522 -511 -50 -524
492 38 -363 -148 -400 -573 372 -297 -560 564 360 -252 -562 -349 -291 -503 -544 -477 -46 -420 -402 -381 -42 470
333 -213 -132 -87 -530 -85 -550 -462 -257 -97 -576 152 -517 -161 -122 -68 -292 -426 -214 -425 -55 -481 -219 -324 -280 -174 24 -123 -141 -524 261 -465
325 -324 -239 -196 405 -80 -67 -536 496 -471 -455 -21 -329 -514 -429 177 -579 549 88 -463 -310 302 -558 -529 -535 -268 -257 249 467 -49 -178 -351 -127 375 -406 -210 -212 -39 326 -560
456 -180 -434 -234 555 -378 -373 -421 -385 -78 -416 442 -108 -428 -512 -588 547 -111 -115 -243 -15 -189 -435 -236 -515 -138 -408 -259 -186 -77 -117 -291 -171 -48 -195
101 -46 -112 -60 -597 -268 -319 -293 135 537 -359 394 516 -362 -102 563 -496 -173 -453 -267 -344 -185 -477 10 315 -74
427 -67 -315 -311 -455 -481 -592 -344 -430 -124 -276 198 89 -555 -560 -593 289 515 294 -377 -25 -459 -104 60
450 -568 -414 36 -41 455 -272 -11 -367 -384 -25 -508 541 -356 -134 -315 -127 -600 -249 569 -461 -30 -520 -179 -465 -517 -125 -279 -592
550 251 -13 -336 -37 -77 563 289 -170 -41 267 -298 -23 -280 -220 -579 -446 -349 -307 -115 -359 169 -14 -519 -470 -329 -203 -543 -237 -379 -173 -15 -361 18 -576 -525 -465 151
163 -470 -524 -475 -67 -368 220 -504 -572 53 -582 333 -352 -112 -273 68 395 -372 366 512 -18 -210 -329 436 520 -562 -139 -376 118 -427 158 -556 -444 -441
500 -348 -215 -342 -186 -522 -530 -221 -354 377 -185 -408 -395 -24 320 -502 -256 -365 217 -506 -15 -142 537 -170 -538 -308 -304 -79 -303 -57
302 -537 -569 -466 15 -317 -67 -252 -296 -506 -230 -131 -116 -49 -134 -73 -198 -273 -239 -150 586 -242 -202 -337 -594 -432
179 -558 423 156 -482 -388 -326 -217 366 -238 -7 -68 -485 -44 -148 -315 -41 -77 -230 -61 -58 -572 -293 -448 -67 -247 -2 -277 242 48
501 -310 340 -105 171 -70 -60 -17 -178 -256 141 472 1 -209 -504 -390 -14 -128
285 110 -43 -521 -93 -385 -600 -432 -304 -558 -38 -52 167 -482 434 -544 -517 446 -149 -452 -519 -524 -180 -495 281 -148 -211 -193 -392
403 -114 -277 -257 -135 -303 -53 -318 -402 388 -376 -426 -462 193 -504 -355 -301 -344 -485 -178 -544 -557 452 -579 201 -583 -347 -291 -422 -535 274 -296 -531
316 -540 -4 309 542 -11 247 17 -240 379 252 -152 -337 -220 -65 -23 -441
131 -94 -259 -486 -7 105 -274 -350 173 -112 -402 -102 -327 -343 -472 263 -141 -393 31 -266 -134 -507 389
216 -297 483 -393 -318 -68 -126 -422 -166 352 -589 -12 -586 -92 -365 -27 303 -530 -71 -289 -527 294 299 317 -199 -208 -404 -429 -496
194 -576 -595 -131 -12 -259 -459 -160 -355 -230 -164 132 -543 -46 -328 -95 -546 -126 -520 -475 -527 -496 -584 -422 -103 505 -514 -524 109 193
441 -138 -215 -429 378 -262 -546 -312 -407 -387 -198 292 -73 15 -585 -462 330 -38 -37 -405 -478 -591 180 -86 -272 -362 -463 -287 427 -525 190 -454 -304
556 -349 233 -237 314 495 559 -538 163 527 -261 156 -579 -287 257 -225 -324 -98 -45 -339 -46 -433 523 -87 214 -157 -274 97 -440 -291 -378 -149 -89
453 -111 -251 -192 479 232 -487 -256 -7 -500 222 324 -382 -29 -593 -519 -348 -506 -133 -101 -53 -238 -260 -239
250 -256 -58 -227 -569 98 333 -596 2 -130 -183 -309 387 -54 208 -587 -481 -158 -128 -499 -305 -279 534 -107 273 -223 -28 -528 -562 -538 -364 -66 -578 -179 -77
460 -447 -258 -538 -202 502 -559 -492 -188 -396 -421 325 -486 -316 507 554 -265 -512 164 -394 407 -25 -441 -58 -302 209 -347 -503 -346 -495
184 79 268 -366 -568 -22 -500 -143 -129 -46 -429 478 -525 -56 -62 -61 -555 -342 40 -441 -97 -454 -445 -71 -590 592 48 -471 -519 -180 -487 -290 -410
92 53 -270 -367 569 -175 -277 -376 158 -518 -388 -242 -418 540 -259 483 -160 -105 -133 583 -496 360 -276 -545 -549 -96 -166 -567 -139 -249 -419 -222 -394 -70 -327 -345 -404 -115 -178
451 576 -362 -255 -529 -414 -4 287 -84 -81 -191 -525 -244 -185 -212 -215 -135 210 44 -50 143 -258 -297 -361 -563 162 -370 -174 -61 597 -175
147 -355 -459 -196 290 129 529 391 564 -171 -540 250 400 502 -494 388 -471 -3 -514 -513 -143 569 -180 -152 -22 464 -97 -487 -178
76 -388 -7 -103 -423 -113 591 -17 -555 74 -230 -48 477 -68 -65 192 -503 -241 -552 -382 -283 -211 -476 -490 329 -435 -41 261
50 -265 -90 -451 -391 -520 -477 -117 -332 -488 -497 -188 -166 -204 -142 233 221 -550 575 -280 -176 -465 -11 120 -338 -274
426 -271 347 -244 -463 590 226 326 -10 -183 -259 -585 -191 -337 -67 -89 -94 500 -125 -200 -311 -65 -225 -133 -483 -130 -278 -165 -32
525 18 -334 73 383 -473 -460 -435 -201 -137 -510 -524 564 -378 -595 -86 -117 193 -310 244 -215 500 -303 -217 -366
320 -49 -417 -38 -102 -166 -106 -259 369 -16 -176 -466 -426 -593 -399 -445 -507 -96 -538 -159 -547 -465 -534 308 -50 -436 -435 -179 -210 -134 -518
119 -381 417 -141 -44 -407 293 -530 -24 -307 192 -224 -517 -546 -157 -503 -420 -526 -253 -236 -53 -326 -493 -341 -375 580 555
169 -551 359 -254 -257 -470 -205 -518 -54 -457 -521 -440 -134 -564 -280 -98 417 -94 -460 -255 -511 -48 -586
118 -164 -304 203 206 -83 -48 -447 -294 -46 448 -202 -318 -549 -34 300 -424 -593 -290 -178 -250 -398 -249
262 -113 -153 17 -254 -147 -31 -130 -284 -211 -362 -575 -472 -469 -115 89 -598 -402 -465 -461 -230 -56 -169 314 -213 -339
138 -182 -494 -543 -574 -399 -186 -113 575 -325 -516 -333 -550 -384 -21 -488 35 -475 -321 -193 520 -462 -594 -547 441 -48 -357 -105
92 -39 -249 113 387 470 235 535 -548 -239 -486 -195 -79 -359 -395 -528 422 -192 -312 -24 -245
286 561 466 -332 -418 -308 222 -594 -60 -212 -537 -592 -64 -125 -149 -124 -66 -62 -134 -189 437 -575 -98 -525 599
76 -239 -261 -443 -276 -459 -155 485 -399 585 -235 424 -549 429 -187 -489 353 -594 -191 -335 -288 -563 -383 -346 -18 13 439 -302 -63 -53 -265
120 -568 512 -355 -534 -372 -71 -122 -184 -545 -471 326 -473 298 -521 -448 -87 -254 -290 -234 -43 -170 -479 -272 -4 -14 -25 -585 160 -65
482 -391 -586 489 100 -575 -179 -460 267 -538 -449 -246 -561 -587 -291 -585 -36 -176 -38 -266 -572 -288 -222 -106 -328
321 572 -516 -35 414 -18 -428 421 -179 -481 131 567 -318 -31 -201 -373 30 586 -520 -66 -461 -565 -63 -54
209 -453 -440 456 -383 23 -339 -344 174 -525 -138 -216 -97 -192 -393 336 -575 -80 519 -298 -406 -269 -211 -582 -96 -272
462 111 -148 -187 -320 -314 -36 338 -523 -289 557 -224 -155 -549 145 -355 54 -219 -302 422 -217 -160 -202 -449 483
406 2 -111 -271 -378 -423 -295 233 -108 -251 -515 -363 -90 217 -494 -81 -540 -52 -355 558 -590 -264 588 -596 359 -360 326 364 -257 -387 -392 -434 -112 -165 -570 31 -450
307 206 -437 -184 -310 -408 -22 -451 100 -455 -252 520 -251 -488 353 547 551 -273 -187 -230 293 -405 -515 -160 29 -278 44 -10 -301 -156 -399 -479 -559 -136 -161 -4 -125 -406
107 -467 588 -248 -84 -159 -302 -113 339 -356 -86 -378 -326 -257 -561 -49 -437 -87 -368 -279 -186 -391 -571 -322 -507 -320 -463 -153 -66 -426 206
417 152 -13 -112 -295 -550 -374 -431 -218 -539 242 -318 -37 -202 -224 -436 143 -73 -521 175 -509 -461 -594 6 -79 -90
1 -581 426 251 -167 9 422 -182 -572 -587 -254 -514 -372 390 -105 313 -365 29 -311 -526
69 4 -248 -278 -458 -3 -574 -502 -17 -276 -332 -10 -252 32 -181 -513 266 5 -206 -202 -67 -167 -531 -414 -254 -368 -325 131 -427 -401 -31 -474 -495 598 55 -349 -60
434 -599 -498 -412 -329 -274 -40 -139 541 -492 -505 -276 -525 -287 -153 -116 -383 -320 -556 -197 -527 -214 -84 -79 -393 -430 -561 593 -363 -43 -576 231 -209
233 -537 -275 -356 -559 -231 -485 -391 -337 -142 549 288 -50 -355 -255 388 -184 -536 -109 -182 433 -547 -313 -464 -452 471 525 -249 -496 -56 -521 539 -295 -550
214 -223 -179 -386 -106 345 -249 -530 -343 -498 -304 -301 -420 -261 -384 297 -82 149 -499 -461 264 -550 -327 -559 -464 -115 -24 -17 -266 575
446 230 170 -468 116 -493 -108 -485 -236 -597 -165 -348 -401 -210 -315 590 -466 400 -13 -491 -496 -307 -498 -557
162 461 -305 -195 -149 -132 31 -284 264 561 -24 -396 82 -270 581 -478 -352 596 -70 19 -518 -593 -357 172 -74 -14 -173 -324 -39 -420 -146 -41 144
124 -283 -176 78 -118 -319 -68 -134 -14 -135 -499 -102 -514 -320 -228 -194 -208 -199 284 -491 -229 -282 -42 303 -16 -576 -312 -453 -589 -409 -5 528
555 -160 503 -119 -336 -418 387 146 -599 -374 463 -16 -297 -429 -55 -247 -124 -528 -401
78 -388 -297 -540 -129 -597 -51 -49 223 317 -532 -32 -539 -92 -57 -222 -371 -124 -475 -190 -337
164 80 -56 -204 -381 433 -373 -416 -483 -74 163 543 441 -280 131 406 600 422 -300 -186 -171 -364 -326 -130 -552 -339 -239
533 -262 -293 584 -239 459 -520 -41 497 50 280 -37 -88 -163 -337 -218 -124 -572 -445 -381 -398 -237 93 -320 -458 -217 -96 -108 -560
482 341 -517 260 -377 339 -282 -113 382 568 -92 -189 -342 -232 204 -318 -252 -373 179 -180 433 -221 117 237 -364 -266 -91 32 -202 544 -224 -124 -112 -9 13 -270 577 -94 -105 -158 -143 -136
119 263 -289 37 -129 -492 257 -99 -478 -338 -552 -187 -214 -543 594 -345 -148 -18 -17 -596 -35 -29 -457 -62 -367 -320 -139 -310 582
518 -32 -325 -147 509 -496 -563 -338 -37 -481 -288 -245 -107 -478 -382 417 -327 -103 -124 -501 -104 -362 -125 538 80 91 -367 -373 -498 -403 -244 -154 -278 -420 -380 -42 -48
426 -102 -249 -295 -309 -383 100 -474 -134 190 -141 -67 -9 -265 -181 -42 -3 -369 -106 -518 -386 -60 -537 -161 -128 -288 -424 264 -260 198 587 -224 -570 -72 -373 -576
352 -543 306 -39 -415 -596 -506 37 -232 -517 511 -68 576 98 -166 -279 -199 -332 -318 -495 -399 -473 -234 484 -246 81
410 -434 -473 -450 -442 -477 -95 -86 -241 -495 -180 -87 -149 -475 -287 -101 -329 -399 -148 -474 -301 480 -597 501 -400 270 -186 -36 -131 -571
173 423 -384 -504 -52 -35 -15 138 -96 -556 -376 -72 -293 147 -370 -396 -386 -575 -165 -83 222 -501 39 -349 -559 -67 -579 -76 552 -246 -22 -228 -93 -344 -429 -91 -479
300 432 -245 -526 -109 339 -126 385 -481 -559 46 -525 -463 379 -400 -158 -496 -27 -123 -321 462 -218 -517 349 -523 -416 -45 401 -326
305 -223 521 -337 477 -572 -208 -578 -585 -83 -372 -581 355 -379 -313 -365 -589 -261 132 -100 45 -514 -196 390 -580 -138 135
