376 -182 -84 -542 -409 -460 -33 -580 403 378 -514 -80 -119 529 -234 -483 -467 -300 -341 -508 -485 -434 -274 -51 160 -516 -448
455 -448 -313 -460 -131 400 -259 -107 -576 -17 -260 552 -541 -280 -93 244 -392 -156 -234 -202 -276
595 479 -387 -285 -141 -290 293 -482 -72 -322 -313 -207 -164 -168 -557 -105 -478 -294 -329 376 -424 -461 -132 -334 -296 -527 246 83 388 -193 -581 -35
425 577 -206 -261 -545 -396 -67 181 -436 -439 419 -114 204 -148 -503 -331 -342 59 -381 -334 527 -367 -279 -320 -571 -376 281 -389 -457 -430 237 -446 -185 -209 -556 -581 366
136 -276 -390 506 232 -424 -510 -587 -338 -192 -479 325 -373 -362 352 -342 389 -581 -486 -344 515 -27 -460
140 316 522 -162 474 30 -228 -103 -214 -247 -106 -128 405 -161 -462 -131 -421 -92 -579 -182 -471 160 -290 -16 -28 -291 -337 -356 -194 -263
256 -366 -340 -255 -66 -290 -106 286 -410 -344 -103 181 -314 -456 -186 -117 -327 -148 -551 -304 -275 -487 -84 -407 -546 -558 -271 -541
396 -275 -376 -373 -419 326 -29 -95 -383 -237 -219 -38 -368 -199 -236 -450 69 152 -442 -358
138 592 -154 580 -137 332 -595 1 -261 312 -418 -361 -300 -205 -421 -5 -453 -375 -315 132 -497 -140 306 128 -212 382 -380 430 -245
334 -14 -428 -205 378 -347 -86 99 -493 321 -457 -534 -13 -581 -19 -455 -209 488 -235 -577 -436 221 -486 30 323 -3 171 -371 300 -560 -228 -250 -207 134
559 -321 -215 286 -36 -230 -113 -388 -432 -367 -390 -184 -211 -506 -536 216 -157 -18 -85 -29 -545 -396 -326 -47 -44 -125 -489
89 -338 -311 -477 -430 -46 -206 -427 -14 260 -253 -471 -137 281 393 -316 -547 -436 523 -53 189 -214 -39 379 -38 -548 -54 -82 -188
508 -537 -255 -592 392 -251 -130 -505 -162 -40 -42 -81 -425 188 -263 -209 -517 261 -29 -579 -443 -585 -66 -241 -287 367 -570
282 -136 -587 -542 -36 428 -154 -360 -537 -414 586 140 -460 -396 -208 -311 -506 -353 -171 -199 -90 -571 13 -384 -516 -77 -124 -80 30 325 -525 -75 298
469 -549 -175 255 -540 -441 -496 527 -537 -40 -90 598 344 10 -48 -533 -539 -127 -268 -463 -261
159 -272 -275 -174 276 -113 -182 -166 308 -480 -22 -129 -409 -562 -375 -397 -284 108 509 -464 -25 -246 -588 -435 -372 -317 -200 -235 -446 -456 -119 401 -465 587 -471 -80 -161 -380
112 -593 -163 -584 -290 -173 -256 518 -299 -378 581 -347 -382 -566 -454 -545 -18 -12 -122 -475 -401 -251 -461 -66 -542 -364 -129 -126 36 -43 -558 -321 -450 -266 498 491
570 -316 -391 -206 -296 -390 149 -538 170 -593 -432 171 -450 -364 -109 -294 -537 330 -426 -309 -269 573 -223 221 -394 -468 -561 -415 -106 -19
220 -387 -366 -94 189 -211 -586 -295 -120 -313 -417 -227 -54 470 -322 -460 -318 -407 -12 -439 -205 -49 -422 -130 -290 -311 266 -310 -346
522 -87 -202 270 -215 232 -115 -184 254 -516 -155 249 -94 -86 -392 -514 -69 -487 -433 -526 -468 -174 -309 231 381 -48 -181
214 532 -358 509 -527 -241 -567 -409 -82 -464 -180 426
184 554 -69 41 -230 -313 89 -521 523 -395 -389 174 -439 -17 -77 -29 -598 -557 -223 -155 -524 486 -406 -202 -175 -285 -577 -471
184 -217 -143 574 -444 -6 -182 139 -238 -302 -204 -76 -165 -484 -365 -233 -209 402 -537 -88 -335 -357 -71 -311 53 458 -148 57 -545
34 -206 -472 -337 -438 -164 -334 -568 -23 -263 -388 -150 222 -563 -366 -539 -515 -434 -130 -250 -24 -251 -316 -584 -214 -531 477 -586 -54 -64 -170
246 -190 -553 -427 -232 -242 -349 -535 -505 -262 -245 -426 200 -511 -396 -571 -536 -97 447 -110 -383 -203 -192 290 458 -90 -131
239 -298 -400 -500 -142 -187 -221 -54 160 -253 -375 -257 199 163 -440 -205 -260 -110 -508 -385 481 -242
91 -432 -38 -120 -360 599 -86 -174 -408 -18 -209 -382 -46 -63 -76 -123 -547 -226 -487 464 -135 -515
328 -40 -109 -525 -241 197 -130 -432 -23 -306 -80 -108 552 -440 -308 -415 -496 -420 -184 -267 162 37 -500
3 79 -167 300 -146 -80 -121 151 496 -357 -337 -87 -92 340 35 -17 -580 -425 -178 -245 515 -487 -258 -440 -551 -251 -72 -271 -577 -315 593 -289 -1 107 -367 -518
281 -40 -280 -156 -160 106 -377 -256 -102 -164 -108 -143 517 151 -505 129 -324 -337 -482 -396 130 -221 -573 -157 85 372 -161 -233 -286 -536 -285 -77
566 -573 137 -514 -160 -586 -581 -472 -475 262 576 -272 442 169 432 223 -463 378 -142 -63 191 -546 -489 -362 -19 -518 126 51 -318 -10
105 -169 449 -131 -465 -402 388 401 -192 -514 -410 50 -69 -507 -560 581 -594 274 -228 -438 108 323 -342 -589 -346 -440 525 -187 -13 -312 -116 -159 -213 -301 -592
265 -68 -138 -119 -388 -266 -112 -256 432 287 -207 -405 435 -186 -214 -192 -59 -509 -476 153 -288 -454 -152 -391 353 147 -359 18 171 -25 -94
311 -292 -59 313 -522 -204 -312 352 -228 -318 -334 -565 200 167 -487 341 -439 -2 -68 -131 -437 267 -257 -442 -435 -143 -409 -161 -430 -36 -226 -77
366 -272 -517 -359 -55 -78 -440 -373 -593 -227 -393 -73 -91 -274 236 -434 -114 469 -158 -27 -249 -147 -598 -335 -109 -411 567 -210 -390 -174 110 -347 -529 -118 -573 -486
339 -175 -469 -388 -572 -575 -449 -407 14 597 -487 -385 -67 -408 -383 -521 -512 -493 -359 515 -30 -156 -32 -356 -363 -409 191 -536 481 -280 -33
593 -463 -270 141 -232 167 549 -591 -24 -307 -579 594 -206 -50 -429 -344 -242 -596 -27 -513 -484 -140 253 -124 -442 -340 -353 -213 537
360 -549 -52 -150 -105 -460 -530 -481 -210 14 526 543 515 -562 -250 167 409 489 -486 -103 -195 -295 -514 -572 -312
98 -108 -56 586 -420 -99 -247 -215 -497 282 -37 596 -532 -375 -243 -359 85 -137 -338 -398 -35 245 -482 -268 -462 434 -436 -10 -69 -598 315 -230 -568
554 -379 -279 -85 -528 -78 -323 -97 -435 -125 -269 -582 -264 -8 -465 -252 -482 -430 -191 -358 -396 -192 257 281 -121 -39 -344 -470
591 -536 -328 -476 -94 -396 -99 350 459 -168 -102 104 -37 -586 -75 -374 -46 -537 -202 -447 -421 -100 -245 541 -14 -115 -61 -211 -558 -260 -315 -393
594 -587 -395 -353 -75 -484 -189 349 -327 -483 -449 -253 -153 242 262 595 -530 -38 -410 225 -49 -167 346 -37 -223 -413
62 -111 -132 -108 -331 -48 -334 -147 -427 -359 390 -419 -186 -328 -294 -35 -435 118 -582 -543 -225 -571 -53 -422 -280 -165 -50 -55 -325 -458 276 -91 240 -213 -224
514 -324 -151 -362 299 -563 -191 -328 -48 -103 -503 -32 541 51 -376 -80 -92 497 -366 -490 -288 556 -577 -141 -138 -126 394 -244 230
143 -116 -473 -526 -600 -475 -5 -211 550 -395 278 -219 -301 -222 -433 -463 -75 -123 -56 223 -8 322 -205 -351 -175 -39 -371 -400 -181 -89 -138 -260 -18 -599 -380 374 -393 -281
548 -508 -181 -201 -10 -550 -329 -496 -207 565 238 -398 -29 -16 -105 255 554 -353 481 -169 -599 -324 -32 -466 -13 530 -47 206 -510 -441 -243 -133 534 -435 -244 -109 -64
522 -363 -326 284 -332 -65 162 -159 230 -42 -304 517 58 36 -150 -511 305 -200 -174 -429 -369 214 53 437 -373 -296 117 -426 270 106 -259
558 -278 -554 -594 -183 212 -171 -403 -501 -201 -533 306 371 -525 -216 -295 -220 -378 241 567 565 -521 -146 -55 -217 -258 85 143 -169 -92 42 -564 -39 -541 -108 -497 -73 -219 -176
34 -232 -114 -330 -89 -562 -432 -513 -233 -152 -473 -12 -465 -146 -256 -589 -438 -205 -300 -177 -578 -312 -425 -1 -234 -57 -11 -162 -481 -317 -540 -495 -387 -199 -166 118 -41 -364 -235 -25 -337 -320 -532 -42 -493
559 -251 142 219 -133 -556 527 382 324 -145 -104 -99 -350 -562 -164 -123 -528 513 -196 -106 -7 -529 -591 245 -499 -583
15 -70 -258 -259 -127 -284 504 -210 -376 422 -138 -86 -489 -128 -524 -287 -413 -266 -202 381 -342 508 -36 -589 -193
88 -202 -209 -598 -469 -411 -287 -204 -10 -475 -284 143 -482 -153 -129 -510 -253 450 -432 -235 -353 -341 362 576 -421 -543
322 -255 -442 -345 -503 -334 -460 -259 -369 -371 -89 -411 -147 -320 -424 -544 -139 -393 -153 -149 529 -155 -563 58 -375 -481 -470 -48 379 -248 -316 129 -538 -570 -145 482 -551 -555
371 -564 -464 -18 -360 -65 523 -343 -573 80 314 231 -53 -299 489 -575 315 486 380 -484 -448 115 -175 -184 -552 -176 -147
188 -503 120 -190 -287 -309 -588 -75 334 -37 -249 -581 -141 -54 -315 -462 -407 -267 269 320 -474 297 -34 -359 -88 -158 -143 521 -434 213 -222 426 -70 -531
59 -566 -296 -287 404 25 399 -17 -359 -420 -507 -400 -12 -233 -424 -428 143 -121 464 -369 -463 -432 -268 166 -119 583 -254 -554 -111 -590 -147 290 -205 -250
191 -256 -268 -2 251 -52 433 -502 -320 -89 -389 -14 -124 -267 -336 -286 -488 -168 -40 -188 -190 -539 -288 -217 391 -367 -398 -147 -99 -236 -64 -507 -589 -260 303 -135 -240 -222 492
496 -201 -29 -34 -87 -152 -194 -326 136 -541 -306 -224 -552 -437 -470 -553 73 -351 -512 -350 -417 -88 -227 418 -463
332 492 -236 -246 -2 -493 343 228 -239 124 193 -137 -513 -202 -81 233 -63 -220 -264 -391 -450 -379 305 -409 1 -237 -466
426 -153 -595 123 -211 -534 -581 -180 454 196 -535 -16 -54 -396 -28 -569 448 -35 -125 -115 -542 -137 -50 385 309 -521 -93 -328 -356 350 -31 -398 -43 -364 -85
103 -375 -310 -117 -94 -541 -123 -522 -215 -218 -503 145 -84 516 -23 -272 -228 -50 -74 286 256 -114 258 -556 -470 -248 -320 57 -554 53 -487 -32 -251
569 23 -326 -554 -281 -273 -511 -16 -394 157 -402 452 -338 -109 -529 -486 -174 -87 -48 -285 -205 -47 -11 -410 -201 -111 -115 -413 -405 -391 -259 -226 -593 144 376 -104
144 -505 167 35 -570 -41 -277 -573 398 -395 -49 -99 -451 -33 -147 -261 -528 -23 456 -279 175 311 -51 -42 132 -304 -83 -408 -434 -510 -302 -89 -246 -64 -129 -303 -523 401 -91 -397 -81 -390
460 -162 -303 -96 415 332 302 362 -569 -68 280 -3 142 -422 -382 -118 -77 -99 -70 -55 -358 -426 -139 -130 -352 -25 -174 -366 483 -90 -41 516 -224 -333 -511
383 -503 -195 -304 -77 -468 -46 -437 -144 -351 -190 -149 -196 -393 527 327 -60 -501 -545 -334 266 -132 -560 434 571 -112 -314 -473 -558 -52 -455
125 -573 -221 -405 -445 -73 171 -510 -129 -307 -196 -139 -58 -569 -471 -331 -95 -5 -351 243 -552 -578 -303 -248 -415 -522 -472 -40 209
45 -541 -598 -372 -538 -296 -429 -350 -258 -478 14 -595 -526 -535 -280 -399 -83 -59 -208 -90 532 -581 -207 165 -164 216 -166 -517 -16 -443 407 -155 560 -464 -327 -540 81 -492
364 -547 -65 -262 -171 -596 193 -137 -149 -283 -110 293 558 -351 587 -541 102 -390 -220 -426 -241 464 -104 -538 -70 -411 -531 -370 -521 161 -443 -182 -86
447 -160 -381 -339 -163 -9 -283 130 -1 -523 -33 -456 -174 -581 -88 428 -444 -495 -245 366 -351 -233 -434
132 -415 -173 -200 65 -151 181 -203 -53 -213 -470 542 -171 517 39 -269 168 106 -586 -235 501 -297 -22 -555 -387
339 -5 -554 -502 416 -151 96 236 -311 -547 -181 -221 -75 -296 -22 571 308 -354 -437 409 -480 -316 -130 -351 -15 -67 -382 -443 87 -215 -132 -129 -279 23
152 424 595 -122 -19 445 168 -598 386 -144 24 -16 -101 -7 -210 -271 -304 -107
579 -146 -291 -185 -494 -91 -455 540 -156 -396 -263 -370 -162 276 -205 -503 -25 -29 130 -561 -194 -243 -434 -480 -364 -549 446 519 260 -393 -481 -312 -106
523 -476 401 -303 162 -146 -285 -299 -558 -130 -482 -42 -177 -274 -590 -210 -416 -586 -277 -446 75 381 -113 -495 127 118 328 -144 -265 -176 -534 131 101
268 -206 -104 -355 -307 -137 -60 -223 -74 -315 -489 -313 -428 308 -4 527 167 166 408 -512 -169 -494 113 -17 -80 -466 -254
241 198 -353 -518 -570 -276 -24 35 471 -100 -442 142 -558 -251 81 -79 -460 -65 -513 -192 -395 -598 307 -519 -26 64
408 -452 -537 -425 -527 346 -288 -517 -208 -389 -552 265 -190 498 -514 -16 -103 -15 -278 -533 -258 -505 -56 -377 315 290 -494 -541
533 148 -402 372 -102 -275 -367 -309 -39 -470 -589 -9 393 -406 131 -54 -377 -514 -142 319 311 119 -11 -587 -272
163 -527 -113 -427 6 -568 -75 -84 -10 -579 -1 -384 -484 -379 -554 259 582 -24 -308 -367 -539 149 -314 114 -328 42 462 -125 -46 -378 -56
330 -270 -193 -523 -394 -45 492 -574 -145 -296 -87 -21 -480 390 -476 -277 -590 -510 -232 -532 -15 -372 -7 -382 -438 -594 -214
74 -421 -327 -444 -397 -234 576 -72 413 -236 -556 349 -382 -321 -297 -119 596 -523 -407 185 117 59 -266 108 -447 116 -519 -336 -495 231 -377 -151
364 -584 -398 586 -391 -35 -429 -142 -439 -207 -407 -288 47 -265 -361 -259 389 414 -279 -176 -291 -374 -434 -282 -180 -32 -269 234 -461 -523
565 60 -471 501 -130 -598 -250 -102 -279 -174 -161 -446 -340 504 61 -481 -385 121 -68 -314 -519 -473 -505 -442 -147 -18 -600 -422 -438 -148 -514 264 317
349 -277 -404 -96 -222 -231 -21 -131 -68 -342 -139 -7 -582 -348 -304 -182 -32 -578 -367 -556 -516 -173 -324 -227 -156 -5 -67
449 -231 -325 -497 -243 -531 -14 -150 -419 -496 -488 -492 289 -79 -225 -76 -20 -362 -121 306 -132 -438 -341 -274
458 -313 -103 -167 -467 -47 53 -597 -525 -561 -492 -60 -202 -126 -116 -338 -477 -39 306 -278 -453 -17 509 476 -447 -173 -256 -381 -549 -375 -233 -578 -432
571 -266 -275 -409 277 -493 -503 -349 -292 -399 -531 -441 -40 -106 -597 -418 466 98 -363 -141 -184 -447 358 -378 213 -578 486 87 93 -191 -189 -507 -550 -256
124 -158 306 76 -591 101 -255 -149 -64 -369 -150 -354 -481 -47 489 -283 -205 -524 -160 -253 -219 -20 -381 -514 -182 244 -532
26 306 -535 -395 -460 11 -560 -384 -566 -251 -493 -416 -25 -490 -95 -421 -271 -106 -236 5 -66 -355 -178 -9 310 -223 -253 -23 -43 -206 -550 -417 -239
201 -479 -413 -111 -259 -333 269 -559 12 485 -473 124 -159 52 -50 -171 437 -81 170 -297 -516 -99 -150 -305 215 101 -128 -172 -208 -361 -229 -268 72 -139 576 126 -579 -97 -300
427 -233 -90 -238 116 -592 -473 -527 -433 -523 -499 -477 -64 -598 126 -495 -221 -242 234 -317 594 517 267 407 -521 -526
528 -146 -592 -84 -373 -211 442 412 107 -242 -474 -205 -25 -555 490 174 -506 11 -486 -589 -386 -204 -522 283 339 492 -197 309 -547 -142 -568 -231 180
86 -443 -424 -543 -36 -243 -22 -403 -591 -346 -461 -168 -422 179 -54 -198 182 186 -399 -493 -598 356 -71 -327
334 -560 -292 -216 -36 -265 -85 -291 -112 -38 -592 -197 -504 -300 -564 -483 -361 -446 293 -52 -546 -264 -110
489 -465 477 -320 449 -24 -482 -86 -164 -129 -235 -383 -518 -35 -266 389 -548 -441 -597 219 -492 -64 -510
230 -302 562 -385 -470 -196 -367 -218 -428 -286 -75 -133 -574 -16 -102 -181 -57 -393 -591 383 555 -405 598 -141 -202 -246 -458
265 -554 -110 295 -215 -550 210 375 -518 -22 -292 -574 -258 557 312 23 529 -224 37 -121 -332 -66 -531 -173 -338
37 -318 -428 569 24 -55 -284 -280 -517 -338 -293 -257 -333 596 -134 -398 -552 -356 -9 -279 -69 -550 -564 -339 -526 -242 -141
312 455 421 -366 -264 -166 -241 -117 -170 -25 -494 -309 -593 -318 -252 -465 -510 -396 -322 -49 -145 -441 -43 -136 436
72 -504 -105 -600 -407 -528 -275 -93 -370 -280 -577 -253 -572 -176 40 -595 -247 -484 404 -203 297 164 -424 147
135 322 -49 -39 -455 271 -279 -230 -378 -467 -597 -366 -356 237 -252 534 -48 149 69 401 -486 -431 -459 -424 -521 -290 -551
173 -595 -475 -354 -422 -254 -401 -358 -427 -117 -435 482 -455 -546 -314 -562 -256 -364 -373 -343 -429 -134 -414 -511 -587 -534 -418 -441 -430 267 -494 -62 245 -405 287
558 421 -71 -389 -179 32 -436 -356 -378 456 190 126 500 -548 202 -34 -495 -178 -468 76 -14 -291 -443 -594 141 487 -225 -217 -53 -161 -18 -353 -332
458 -401 535 107 64 -127 -238 -380 133 -594 -103 -225 -71 429 -506 66 -59 -332 -386 -200 -129 229 -172 361 52 -450 -440 -339
120 457 -166 -212 -253 -311 -287 -542 -327 -237 -46 -567 -1 -309 102 -317 -418 -420 -285 -469 -251 -330 -580 546 -2 -555 -333 -207 -592
417 -397 348 -78 -83 -371 -506 -120 -237 -407 -314 -562 84 -25 -250 338 182 22 -233 -572 300 -595 -243 -391 -19 -420 -379 584 -301 464 -283 -373 -130 40 -234 -372 -365 81 -528
332 255 -277 -435 -19 -578 -209 -355 -117 -304 -141 507 -340 175 -346 -262 -376 -198 -79 275 283 -372 -324 -552 -308 594
52 130 -15 -166 -82 -152 -576 448 -357 430 533 -334 -321 -238 -454 -286 -419 585 -591 -62 -267 -17 522 -404 7 172
280 -528 -271 -548 -63 -386 -355 -320 -441 -18 68 -421 -2 507 -401 -374 -296 -318 -583 384 -599 -73 306 -339 -370 -402 445 -458 -443 -345
236 -184 -74 -61 -486 -161 -438 -215 -266 -211 -224 -104 -189 -95 18 -468 -255 -11 -446 -543 -4 -162 -311 -499 14 -126 377 -241 -238
215 -63 389 -282 -178 -299 -236 331 -533 -368 -37 -310 -136 -78 -576 -59 -551 -153 -346 99 38 -446 -575 -198 293 392
242 -387 -77 -592 -342 -4 -546 -312 -526 -236 -389 -375 -360 -265 -384 -197 -364 -576 -538 396 -98 485 -120 -579 409 -133 -100 -219 -79 -457 -534 -275 -179 -510 -115
25 -567 -261 -88 578 -440 -454 -475 592 -382 -378 -191 -309 146 -568 416 -239 144 110 558 -200 -566 -53 -178 230 -329 -325 -507 -254 -484
469 -441 -498 -51 -160 -60 -432 -275 -102 -255 -278 -280 -299 -520 226 -544 87 -119 -486 -177 -196 -50 -61
490 -384 -472 -95 166 -405 -566 -34 -250 -208 -155 -174 -537 -260 -584 447 -206 -362 210 -178 287 499 -555 380 33 -249 -136 -483 -304 -277 -370 -168 -533
304 30 -410 -276 -540 -338 -396 454 -470 -296 -76 -582 367 -476 -313 386 -343 447 -585 -354 -8 211 -113 -99 -185 -35 -54 -232 -376 -121 -255 195
561 -102 -273 -71 238 -524 -481 -400 -196 9 479 147 281 -494 -391 -267 -533 -369 -85 -217 -592 361 -161 -324 374 -398 -316 -559 -218 -308 -528 -59 -116 -320 -176 -64 41 -478
163 -272 -199 -457 327 -525 -206 -352 170 -565 -504 -587 -468 412 161 -264 -538 86 -212 -308 -60 -455 258
49 -68 -174 -391 -189 -390 563 -354 219 -462 -182 -488 -424 588 -419 -32 -89 -593 -287 -499 -442 -103 -88 -459 -363
310 -382 -488 -163 208 -381 -461 -477 -559 -42 -351 -504 -480 -103 195 -284 -336 -125 -475 524 -270 -218 -390 -319 -276 315 -154 -378 -415 -28 -571
384 -432 -125 -303 -194 54 -367 -199 468 -465 -270 -140 -247 -503 -324 -136 513 -157 -266 -211 -84 142 -287
173 99 -388 -481 -571 -395 208 -187 84 -51 -279 -150 -449 -485 531 13 405 -282 37 -193 59 -327 -12 -459 -354 110 -6 -93 -160 78 -286 -191 -265 -252 86 -168 -70 -515
460 -599 23 133 -130 32 -514 -362 -81 -3 206 -322 -204 -83 361 238 -348 445 -73 -531 -330
591 -449 -160 -174 -49 -176 475 -592 -375 -334 -522 -587 -227 589 -246 -361 -339 -262 -469 -240 -161 -115 -110 -230 -16 -525 -588 -594 -430 -238 67 -122 425 -301 569 -146 -209 -380 535 -29
7 -492 -459 191 -269 -36 536 -355 -49 -396 -594 -569 195 73 -16 -560 -226 -83 -577 -248 -389 -203 -418 -228 -272 -376 -345 -71
108 547 491 -249 -335 -503 -40 -101 -548 -410 -110 -113 -380 449 -120 -368 -286 152 -401 -88 -10 -123 494 -599 -419 -480 13 -285 -500 -463 -281 7 -298 -493 -325 -21
140 -532 203 -390 -269 206 -31 -492 -171 -72 -144 56 -450 -355 -332 464 181 -470 -374 -141 -321 -185 -457 95 -28 -526 366 -401 -316 -105 -536
310 454 442 -197 -552 -275 27 -421 -101 -65 -149 85 -5 -408 -127 -157 -244 288 -499 -281 -18 -542 -31 -211 391 -370 486 -226 -419 -399 595
157 557 -88 -396 14 -166 -525 -593 -195 -440 350 -85 -504 -114 -589 -404 554 -264 -254 -387 -269 -46 -160 -314 -292 -482 -103
496 -193 268 -346 -2 -195 -270 -197 -295 -181 -263 -218 -322 -155 -482 -63 -370 -311 -566 -10 -552 285 590 39 439 -17 -321 -460 -303 -117 560 248 -48 -194 -105 -298 -465
496 115 -540 -72 597 96 -474 -94 -51 297 -546 -475 -284 -573 -463 126 -548 -356 -382 -346 -267 -368 -27 -239 -590 -437 -37 -581 -23 141 153
483 -600 488 548 176 -205 325 -178 -40 -464 -258 -378 -427 -129 -586 -231 -202 -45 -38 -386 -525 -531 -166 -122 -211 -192 -245
13 -215 560 -175 -350 -446 -521 -297 473 -396 -286 -520 -555 -140 418 -149 -321 -25 -115 -111 -203 -551 -449 -232 -152 -277 -379 408 515 -261 -4 -133
111 -170 -453 72 -536 -307 -595 -540 463 -171 -1 -371 562 -323 -587 -456 -245 -31 -233 90 -392 -149 -362 -313 -142 -43 -366 569 -217 203 -546 358 564 -61 -317
587 -180 480 -171 -31 339 -62 -200 -534 -9 -326 -556 -58 -240 -172 -394 -173 -344 -215 -88 -252 -544 -409 527 -21 -127 -364 -490 434 -600 -214
10 -208 -592 -421 -358 -200 342 -347 489 -518 -172 -326 -130 -71 -398 323 -126 -222 -425 18 -316 -55 -283 -201 170 -430 -294 577
8 -394 -447 -489 -380 365 -455 -400 -284 -448 -21 -444 -144 -294 -224 -338 -17 -373 -450 -184 -247 -98 -408 -117 -93 -501 33 -561
549 450 -518 -26 -91 -533 -600 -432 -574 567 272 -12 -154 475 -524 -351 -347 598 -149
483 -75 -519 -232 -374 -353 538 -555 -312 -593 -520 -449 277 32 -453 -245 -482 -267 315 -190 -54 -178 -490 522 -582 -208 -442
439 186 -96 -62 -70 295 -402 -387 -72 -41 -414 79 525 -396 -15 -350 -437 2 -81
546 -531 -161 -253 -431 -542 -203 -169 -317 -94 -411 -178 409 176 -86 -501 -348 -563 28 -170 21 -595 -40 -166 -529 -384 -93 -309
272 -485 -397 -196 -539 515 -321 -358 -360 -322 -378 -88 -330 -409 -218 -415 -412 -65 -495 -512 344 -583 -498 559 -462 -27 -207 -192 -524 -403 -31 -275
193 496 -557 -116 -413 -394 -556 -99 -520 -554 357 -387 127 -368 -302 86 307 -25 377 -579 -294 -155 -236 -592
142 -340 -242 -192 -486 -586 -232 -469 -179 97 -333 -451 -243 -494 358 94 -383 -331 -194 -158 -409 -40 117 -36 -484 -64 -136 -516 -462
500 -36 345 333 -446 -384 -476 529 -397 -267 -481 -456 -134 518 -373 511 -18 76 -459 -175 -524 -317 575 -361 396 -297 179
514 -498 -169 75 -428 -154 -94 -233 -251 -176 -448 -345 -198 -512 229 -216 588 238 586 -76 -3 -166 -341 -451 -315 506 272 392 -136 -68 -50 -259 450 -23
205 -473 -557 -263 -512 -279 -143 344 -566 -442 -401 10 -277 258 475 -229 -144 -496 -399 -23 -367 384 -247 -188 -150 -121 -129 -306 -394 -50 -594 -493 598 -278 -82 -508
128 277 222 -316 -99 -153 -263 54 -132 -125 -214 -314 36 -543 -405 -336 -483 476 -474 -154 -159 459 -50 -303 3 173 -500 -234 508 -298 246 -593 -541 -367 241 -398 -41 -530 -597 -392 124 -516 -460 575
39 -77 217 550 -265 -597 -195 315 -464 -431 -245 -10 -422 -392 -584 -29 -569 -99 -202 -207 -113 516 -345 -543 519 -137 -147 -211 -270 -355 227 586 83 -256 -206
412 -334 -385 -174 -510 -277 -256 -442 -540 84 -130 -494 -137 -233 -479 -341 -379 378 -268 -269 -524 216 -37 -64 -321 -40
261 -358 379 -360 -537 -405 348 -323 487 -479 -172 260 -438 161 -458 34 -144 -171 26 -369 -521 -71 102 395 -224 -331 133
531 -320 -33 -316 -327 216 -76 -310 226 -146 -283 528 156 -110 462 369 -87 579 -34 140 296 545 -249 -457 -131 107 -557 -497 -210 -258 -356 -442 -361
355 -451 -255 -374 529 -201 -76 -566 -207 -261 -164 -578 -129 -489 -213 -165 195 -280 -485 -399 188 -582 -517 -185 148 -370 183 -450 -90 -102
28 -80 382 -350 -272 -211 -42 -199 -400 -149 -436 -195 -403 15 -106 -434 -394 -193 -594 -83 -129
154 -311 -205 -101 -208 -215 -212 -189 500 -221 -496 -479 296 -390 -453 575 -457 -452 -246 -438 -413 -64 -230 70 -292 -340 -509 -262 570 -160 -86 -304 220
541 -288 -429 514 -343 147 -464 85 -143 -247 528 -223 -466 -577 345 -433 -148 -119 442 550 -169 371 -312 -449 -270 218 -427 -91 516 -305 -254 -8 -388 -309 -432
563 -2 -320 407 -393 273 -139 327 35 -400 -375 -495 -74 -94 -165 -482 -463 -550 -179 -498 -447 -168 -19 -158 -174 -65 -148 -258 431
519 -592 -379 -241 -335 301 -419 -439 -134 -552 -426 -49 79 -453 -249 -1 -113 -172 -538 -480 -157 -314 -101 -599 -207 448 -555
323 -455 -578 -115 -365 -213 -8 -380 443 -103 -309 -22 -65 106 -205 243 528 -438 -139 34 -3 -60 -386 -562 -231 -512
588 -263 121 -548 -466 -523 -136 -331 -310 -154 -555 -297 513 -104 -347 -571 -525 -108 -577 -344 -487 575 -377 -173 -411 -165 -246 -355 -266 -169 -394 199 -170 -3
463 328 -393 -497 -313 -53 -7 -595 -166 221 577 -512 -504 -531 -133 -435 -40 -260 -483 -217 -278 -401 -310 -186 -446 -184 326 -247
436 258 -321 -520 -378 -556 -385 289 -140 -275 -328 69 409 -290 -341 -466 -513 -78 -430 -446 -586 -437 -323 -15 292
258 -165 -511 -400 458 -538 -249 -422 -317 -590 93 550 -51 198 -82 -199 -129 498 -208 -331 315 -150 -408 -241 -100 591 -355 -5 163 443
151 -70 -317 -14 -325 -514 -469 -408 -237 -338 -125 -494 -479 303 -101 -553 -420 -565 590 548 -365 -27
249 -399 -254 -45 -576 -325 349 -598 -279 -101 -113 -13 -210 -239 -474 328 268 -327 67 -21 -189 99 -131 -208 -560 -169 -380 -360 -119 -585
411 -345 -6 -547 -205 -127 -76 -27 -16 -259 343 -481 430 -317 -559 -346 -169 -149 -522 -562 331 -555 261 -596 -223 379 -427 454 -492 -355 -333
209 -373 -25 -520 -34 -456 -581 -445 -512 -580 -446 -81 340 -228 -53 543 -36 -431 -519 -2 -399 -44 -273
317 -510 -416 -441 -59 -321 -434 -9 -383 -289 -319 -342 -96 -406 -302 -439 -24 -223 -145 -93 -387
121 -243 -96 -156 -204 -112 -453 -201 -564 -190 -29 -537 -4 -32 -43 -50 -310 -404 -423 189 -498 -384 -206 -566 -303 -268 -223
539 -383 -585 239 -125 -571 -470 -11 -214 -31 -59 -537 -431 -34 248 -2 -44 -320 275 346 -456 -168 -145 -216 -147 -199 -211 -454 -105 -479 -146 -237 340 -188 -273 -191 -178
296 -248 590 -176 -420 -107 -272 -557 -163 -542 -199 -192 -372 515 -507 -82 -31 -453 -112 -257 66 100 -411 -46 200 -84 287 -358 -533 450 -279 -344 -422
16 -112 -256 -138 -25 -313 -46 -365 -72 -223 -263 -167 -482 367 -189 -357 -119 -244 -336 510 -40 -206 -431 -491 -86 113 -248 -448 -462 -103 -586
134 -586 -169 -107 -505 -403 50 375 410 -546 -518 -76 352 -453 -210 -479 -534 305 -524 -260 -325 -240 -32 247 -598 -161 -335 271 -371 -170 -488 297 -537 -281
244 -323 483 -389 357 -295 -324 267 -104 -574 -248 -74 -474 -506 -193 -472 -118 -414 19 -446 -526 -233 -48 -79 -438 -384 -556 -531
503 -123 -389 579 -245 -36 -514 147 -16 345 317 -409 -169 -351 337 -164 120 555 173 248 13 -54 -84 -53 161 108 -122 -556 -498 -412 -490 -90
469 -117 -559 -35 -64 -297 -470 347 -101 -327 -267 -364 -276 -489 404 188 -172 -29 -224 -354 -193 562 466 -252 -381 -449 -572 -23 -520 67 -138 499 -587 -61 163 -506 119 -76 -467 -328 -223 -33
344 404 -24 86 455 27 -521 -162 -449 -288 -278 -151 -262 -532 -427 -525 -30 309 352 -304 -326 240 -393 -462
124 -405 -288 -465 -169 -271 -83 -542 -435 -163 -8 -110 -316 -90 -6 -194 -557 -65 555 -54 -87 -220 448 -71 -544 -204 -68 -532 -172 -7 -565 -290 -339
521 -260 536 -541 -165 -191 592 -584 -489 -12 -315 572 -312 -407 -211 -404 -334 -475 -238 -119 573 -144 -420 379 -464 -193 -126 -33 -552 -562 -408 -158 257 -338 -234 -313 -241 -301 -210 -366 -479
333 -498 -281 256 -455 -415 -93 482 -18 -543 -77 -597 -99 -592 -554 -203 -478 -549 -117 -319 304 -276 557 -184 -533 -390 -523 -46 -255 -197 434 131
327 -10 581 -480 -365 -54 -293 -62 -18 -420 -381 -373 236 275 -478 -452 -336 -306 -82 -443 -595 -201 -509 334 -517 176 55 354 -163 -204 -520 -47 445 -418 -164 160 -349
437 -435 -232 -334 580 -206 -513 -567 -361 -37 -409 -583 -48 -509 -105 -496 -433 -416 -514 -467 -367 83 -377 -53 -155 -139 -379
42 -80 -277 -261 -56 -130 -40 -342 -422 -265 -126 -492 -361 -354 -60 95 398 -386 474 -67 -5 -169 -552 197 -121 -454 -560 -202
365 382 -342 583 -423 -571 -366 491 -411 -468 -513 24 -480 -97 -137 91 -300 98 -433 -200 -136 -115 -554 189 -18 -54 -244 -235 577
167 -369 55 -358 -478 -252 -539 -297 -365 -328 -556 -59 -211 -375 372 -504 483 -104 -534 509 -470 52 -137 -92 -88 -264 -457 -337 215 -265 -29
533 -290 -382 -567 -236 -88 -504 -597 -282 -110 -333 -21 -289 -234 192 362 -341 -590 -373 -119 -206 -505 -166 -539 -425 -578 396
485 288 -253 -143 -499 -447 475 444 -57 -497 -229 -307 -131 39 -440 -11 -575 -240 332 577 205 -487 -432 180 330 -206 -570 -348 -284 417 -480 377 -338 -244 -43 -593 -277 -312
7 518 -89 -292 -499 -507 146 -103 -246 -461 -220 -553 -107 -504 331 223 -60 -314 -202 -149 -467 148 -559 -284 -487 -35 -448 -282 -348
173 -421 -356 -90 -481 -490 -426 -474 -368 -63 -214 -307 -524 -569 -3 516 -592 533 -264 -275 -2 -151 -475 -274
352 145 -42 -182 -397 -431 -13 167 376 -370 -70 -469 2 -595 -253 -509 90 204 -443 -589 -136 -174 -433 -425 -315 -154 -549 -491
65 -101 490 -556 463 -367 98 -321 -50 -9 201 -157 -524 -352 -560 -227 -12 -484 -347 -262 -570 -143
149 110 -487 258 -551 -213 -293 -558 -120 -71 -563 -42 574 -215 355 -449 -348 -322 37 -568 -526 -31 -264
416 -378 -450 -448 543 36 -132 -82 -269 480 -329 -544 -27 85 51 -96 213 -100 -59 -467 -129 -567 -440 -367 -350 -166 -244 -548 -15 -441 -130 -253 330 390 -436 -172 291 335 -561 230 -432 -163 -6
138 418 -441 -382 -321 -485 -587 -66 209 -5 465 -353 -29 -254 -483 -503 -3 -461 252 -487 -280 76 -440 47 177 -548 -256 -14 -220 -237 -120 506 -400 -295
331 -369 -38 -198 -502 -433 -97 -127 -7 24 -466 -586 452 -151 -178 227 -209 -32 -513 -108 -439 -568 -533
219 -485 306 337 -512 -458 -324 -344 -246 -51 -532 60 309 -43 -231 -600 -195 -353 -422 93 -340 -444 -14 406 -358 -72 -181 59 -464 -359 -279 -19 -487 557
350 -105 -342 -228 -255 234 -449 -508 317 -171 -524 -177 -84 -582 -284 170 121 322 514 -309 -351 273 -457 -334 -163 -370 -85 505
503 -138 -458 -512 -184 99 529 -399 -140 -121 -252 -297 -23 -382 -321 -207 287 -323 -130 351 -271 -181 -540 162 -446 -595 -186 -549 331 -13 180 168 141 422 -454 -535
313 -149 -33 -245 -190 128 -547 -36 -299 93 -457 -16 -246 -478 -37 -405 -422 -202 -104 -358 112 -288 64 -596 -587 -167
160 -526 -243 -126 -424 347 -257 -443 -287 -143 -428 -319 -158 -129 -44 -40 -279 -383 -16 -131 -125 -152 38 -107 270 -509 -296 560
382 -338 -254 -345 -544 -45 -561 -114 -466 -197 213 -154 -151 -16 446 470 -573 -21 -475 -76 388 440 -271 -276 222 357 -161 -111 -226 -158 -150
15 -424 -162 443 -44 -337 131 -36 -228 -320 -565 -526 -553 -448 592 -581 -327 103 -575 -13 -497 -579 -540 -164 -52 -97 -462 -241 -136 288 -157 -137 -24 -414
333 256 -335 -208 -88 -62 -141 -447 508 -299 368 -470 -61 -191 272 -385 -267 -468 -537 -340 -145 565 -73 166 -45 -38 -491 -270 -249 -331
251 -506 -433 -87 -414 409 -266 -268 -293 -102 -1 -83 -263 -592 -64 -466 -84 -326 -351 -308 -499 590 -119 559 -202 127 -366
361 245 -345 335 -114 -181 -236 -329 -164 -207 -344 153 -162 115 -351 -281 -293 -70 -564
334 -501 410 -105 -162 -577 -291 -366 581 395 -565 -189 -144 -51 -371 -296 -204 -176 -404 -343 -44 -455 -180 -24 -147 -245 -330 511 -125 -481 -305 -331 -264 -269 -85 -386 -362 -509 -79 -29 578
315 274 -410 -119 -216 -189 149 -498 -506 -343 -434 -485 -105 -111 62 -173 -4 97 -394 -66
33 425 552 -34 -298 -224 -383 -172 -18 -587 409 -181 138 -203 -80 -221 -82 600 -420 -547 -129 -254 -386 345
383 -542 -553 -178 466 -82 -73 -382 -200 -6 -182 -428 213 -185 -582 -574 -43 -502
106 -399 -388 218 -189 -457 -304 -231 -136 538 -130 -562 -465 276 -585 -199 -496 146 -481 -213 -285 510 -532 -556 -303 -2 -226 -155 -271 -76 443 208 66
360 -248 -49 -274 526 -366 -470 574 -494 68 404 558 -566 -297 -261 -114 -79 -459 -174 -256 358 -395 -127 -543 -262 -94 374 -463 -339 149 508 21 -96 -20 -444 -26
306 -129 -16 -44 -116 -269 -459 -569 360 -297 532 -414 518 -122 -8 -145 -96 -375 -1 -256 -131 417 -310 -556 -185 -41 -12
21 -69 -253 -96 -473 -395 -325 -398 -492 106 531 -423 -264 -362 -140 491 379 438 -116 -411 -71 -364 -413 188 -277 -363 -566 -477 517 -520 -338
342 -127 -54 -368 -392 60 -239 -582 -550 -241 -89 528 -593 -352 -257 -382 -491 -82 -70 139 -169 -108 -469 -170 -477 531 -120 -584
334 -465 -108 498 -483 -556 390 539 -239 -517 -240 -549 -508 -188 -44 -299 -68 35 -561 512 -39 -42 -118 139 -405 -47 -71 -368 76 -81
457 -43 -387 -161 -408 -490 -248 -223 -347 574 97 -355 -64 -56 150 222 -430 -380 -297 -547 -357 -383 -60
373 -591 -317 71 -478 -523 428 -435 -541 263 -301 -561 -334 -124 -358 -130 134 -80 -340 -513 -91 313 -256 -65 -365 -499 -62 576 -539 172 -17 -28 -206 -162 -474 -575 395
229 -491 -473 -337 -357 -185 -117 -591 -599 -524 58 -281 -180 -211 -214 -29 -118 -113 -358 -120 70 -87 270 -101 450 -272 317 -30 -79 -114 -73 -579
329 -575 -467 -394 -511 531 -101 -507 -189 -455 98 -199 -367 -304 -77 -496 -243 -389 147 127 -217 -334 -355 -247 454 -495 -155 179 -6 -289 -502 -358
458 -538 -394 -508 237 -545 -399 -88 -207 -81 -255 -478 -169 201 -116 -370 195 -18 -153 -424 -428 -242 -506 434 -456 -99 -401 -38 381 -425 245 -351 -119 -403 -23 -189 -384 -299 155 537 -7
372 -487 -489 -159 345 -322 -592 -3 -61 -521 -559 391 -395 -79 -48 -434 -303 -24 -438 -143 -482 375 -38 -85 -149 -196 -57 146 -539 -186
134 301 -74 -176 -29 -514 -480 -94 -555 -589 551 -76 -370 -242 -598 -433 -483 -319 569 -234 -248 -340 78 -333 131 -69 -195 -397 -108 -429 572
134 -430 -107 140 -180 -386 304 -552 -589 -26 -372 182 -360 -459 -317 -271 142 -449 29 -600 343 189 -238 -177 -464 458 -21 -429 -126 -95 -502 -206 -584 -219 -511 -153
362 -472 -199 -391 -21 -595 -8 -187 -197 -100 464 -282 -575 -86 -336 -431 351 -427 -113 -45 -579 -592 -492 563 -456 357 -315 -238
225 -12 -316 -298 -249 -264 -91 -20 -332 -550 255 -55 46 67 -365 -497 290 77 -287 -337 40 -157 -122 -560 -305
254 485 -493 -86 -268 159 -225 5 -87 -560 -241 263 -238 -153 -307 -117 -343 15 246 -242 527 443 -309 -457 -478 -128
327 -347 -112 -354 -265 126 -77 -130 -476 307 -204 -54 552 -117 -154 -498 -402 -186 -171 146 -428 -189 -377
113 514 -121 -263 233 -307 -459 526 -493 -487 122 -172 -598 391 -386 -160 -587 154 -509 -348 -141 -395 -284 -456 -8 -320 -449 17 413 -359 -262 -2 -150
5 303 -339 251 302 -114 -204 -478 -64 -4 -76 232 -487 -130 528 -69 587 -138 -87 -294 -318
497 -49 -500 -206 -25 -382 566 -233 -12 -302 -41 130 -199 -476 -198 -47 -487 -585 -558 -548 -457 349 -88 -400 577 -127 -105 -540 -273 -336 541 -107
583 -437 -582 373 427 -262 -312 -198 192 185 -387 -215 386 -144 -14 -98 -36 -398
551 -269 -503 -215 -309 -47 -41 -78 -307 23 -112 501 -5 -180 -295 -369 386 -99 -521 -204 519 -142 -62 -103 -592 -596 -89 -417 -90 -520 -18 -248 -290 351 -460 -229 -525
576 222 -379 -363 -550 -274 -583 -14 -48 -10 -306 -207 -239 -223 -559 -174 -249 -342 -164 -309 -464 202 -410 -20 324 303
182 -143 -218 389 -436 -596 -60 -390 -113 -152 533 -571 170 -463 -364 -324 -267 -3 191 -89 -158 -290 -177 -405 -519 -20 -88 -317 -238 100 361 -94 -189 -492 -18 -292
3 -392 -177 -157 -307 -568 -423 147 290 289 133 -163 -123 -254 -216 -420 -506 -384 214 -379 469 -463 -96 -570 -434 -78 -46 -454 -276 424 -16 153 -60 -302 -316 -453 -286 504 417 471 -396 -373 -183
129 -211 -404 -563 -250 104 -447 -423 -442 -313 -100 -502 374 -461 -314 -527 533 -72 -349 -585 -472 -487 155 -264 -438 -416 -115 215 -379
258 -232 -550 -523 -100 -427 -479 -77 -37 -251 -70 -31 422 436 -184 -14 -104 127 -592 159 -266 537 -255 -229 -591 -402 121
551 -541 -134 -192 -130 -418 -385 425 255 -424 343 328 -188 -314 322 -347 225 -201 -361 -396 -426 -44 -151 152 -16 -504 -128 49
185 -296 -159 -504 148 -532 -190 -590 -377 466 -157 -568 -478 -473 -83 -551 -80 500 383 -216 161 -506 -263 -406 -359 -409 -570 -540 -445 -316 -514 -591 -140 -25 -328 -355 -494 -299 -40 -141 -485
453 -545 -454 -371 -80 -269 256 -392 187 -115 -416 -396 -457 -342 -27 369 -476 -104 445 -298 -451 -2 -205
515 -446 -226 -352 -192 -303 -223 -154 -514 408 -324 -376 -210 -460 -148 -312 -597 -196 -115 -31 -458 -29 497 -558 -371 -193
227 -464 56 -240 -155 -305 -349 -3 -189 -540 -1 25 -199 443 165 579 -324 -529 -541 -335 478 445 467 128 178 -555 -54 -181 -475 -22 -108 -41 -422
144 -26 -52 -501 -176 -44 -467 -429 -78 -290 -270 374 -436 -437 69 -85 -533 -463 -302 -321 -444 -341 234 -368 -22 -242
35 16 -162 -329 482 -379 261 50 -29 -560 -195 99 78 -288 -125 495 -246 20 -561 -286 -118 -275 -158 -594 -319 -493 -308 304 -228 -556 68 -131 -117
376 -360 -185 -439 -594 -243 -355 -217 -275 -4 -300 -177 -17 -408 -312 -252 520 -159 -8 -471 -214 -466 -210 318 -599 -158 -259 -291 -493 -117 -304 -568
92 -374 529 -506 -401 -45 -360 59 -512 598 -242 -403 -278 -289 -471 -98 -57 -199 -28 461 184 -469 -492 -8 -390 -31 -480 596 -102 -572 -241 -314
88 -260 -135 -36 489 -431 -499 76 -364 -545 491 209 -18 -305 -507 428 -161 -98 -231 -588 360 -264 51 -463 -10 -108 -425 -541 122 226 -262 168 480 176 -421 5 410 -160 -498 -441 -190 180 -330 -291 -486
301 -516 437 -315 -342 -120 -247 578 -234 187 164 -287 -148 -581 -514 511 -45 -383 449 -241 -397 -288 366 -166 -40 23
595 406 -583 338 -35 -508 -448 -565 -53 -519 -584 10 -235 -46 -27 -43 288 -481 -532 -248 -536 -291 -22 555 -568 -516 -133 -499 -67 -259 -127 -237 -171
75 -565 -161 259 -10 -557 3 -150 -215 -125 145 -71 406 357 -552 337 -297 -403 -526 502 -338 181 -289 -344 409 31 -271 -353 -105 -339 -508
577 -508 -80 -317 -208 -162 370 -228 -364 480 -189 -351 -61 -72 -251 -580 83 -170 -142 -151 -511 -576 -273 -119 -200 -290 -492 -465 -537 551 -140 335
34 -142 -7 -118 -103 -577 -146 581 -515 -487 -545 -530 -231 -245 -219 -51 592 -519 154 -88 285 -152 -96 -540 111 368 -374
415 176 -420 -227 -107 334 -162 -563 -356 -183 -73 520 -429 -211 -319 -291 -435 -29 -337 -222 -364 -210 190 113 -121 443 -394 -312 -108
340 -65 -169 503 -400 580 -61 -353 -438 -115 -571 84 -384 566 459 -500 -47 -9 -448 -564 -581 -236 -136 -10 -93 -250 -202 -122 -352 -528 -358 513
134 -144 327 122 237 -418 262 169 420 -556 244 564 -306 -16 290 -132 -300 -129 37 -583 -41 -136 -478
334 281 -311 -57 -288 -182 542 -343 247 -178 -267 -408 -87 -234 -123 -539 -135 -213 551 -460 -552 -329 -53 -324 -419
564 -449 -550 -184 -110 -496 -486 -415 -391 -527 -90 178 -5 -416 340 -133 578 -223 509 -59 576 -37 161 -217 -4 -65 -532 -399 24 315 -244 -593 -70 -256 -531 544 -475
231 -508 292 -185 11 -265 207 -296 -216 -161 -348 -323 432 -336 217 -30 -420 -556 -553 -349 -387 -275 -347 -124 -344 -234 -378 -369 -264
485 -408 -366 -381 -533 123 -137 355 -14 -64 -464 -194 -430 -562 -81 -505 -548 -546 555 431 -118 -296 -460 560 150 -133 501
419 -304 -5 -526 -131 -428 -483 -267 -306 -592 -437 -98 -595 -71 198 -495 -192 -32 -298 -16 243 -551 -359
531 390 -384 309 -393 570 -442 -132 171 -425 -466 -101 -189 -12 -483 128 470 -180 -391 -314 244 -255 -430 600 -558 -6 -464 361 -584 -291 -484 529 281 -550 -461
117 -209 -323 -38 -519 -491 -156 -348 -115 307 -254 -549 -172 -298 -466 -360 -399 -180 358 -368 -432 -369 78 -473 290 -93 591 113 -566
103 -480 473 -105 481 283 -7 -521 -381 213 -374 -490 -368 -158 162 -72 -503 -593 150 -22 32 359 -252 -343 -453 546 -249 291 91
470 -418 584 -492 -224 -321 -319 -64 -147 -140 41 -502 -276 -462 424 -189 -155 -261 -586 40 -464 595 -34 -53 -62 -356 -209 -118 -327 -30 -576 329
9 253 -510 -452 329 -372 -97 -305 -498 -482 -242 -420 -68 553 -16 -144 -570 -411 -203 328 -219 -36 -595 -119 528 182 -490 244 -106 -266 -353 -198 -249 559
329 -212 -186 -512 -112 -207 324 -255 572 284 -193 -191 -242 345 -584 -390 -592 -521 -208 -209 -244 -43 -35 -314 -275 325 -292 -477 -378 -323 -581 -546
421 -306 -376 387 -350 -303 -331 -431 -73 -86 -451 -252 -61 -349 -40 -146 -537 -488 -358 291 -378 -383 -308 -53 -255 -534 -572 420 -201
375 141 -490 -102 -16 -523 -524 -366 -223 436 236 250 -268 -534 -554 -271 -58 -202 -532 -377 -87 -199 305 -464 411 448 -383 -521 365 -455 -233 -79 -10 -96 -184 -6 -318 -207 -245 92
60 -393 -20 -341 -104 -491 -411 -155 -278 -198 -193 35 -501 -181 -368 -56 -202 -494 163 -111 -307 151 -283 -574 218 -384 -33 -48
597 592 -271 157 -7 -128 -335 -160 -104 -526 -373 -586 -485 57 -79 -27 -326 -331 -395 -151 -3 245 156 -185 -555 117 -362 260 -201 -349 -448 420 -257 -227 -244
169 -188 -223 -331 -327 434 214 114 -160 187 -10 -57 -81 370 -67 -576 -197 -480 -560 -47 -436 -62 -175 193
84 200 -574 -158 -4 -381 -293 -23 -462 111 -264 -32 -432 -83 -263 -438 -268 -465 -160 -536 -418 -374 -549 -571 -226 -459 -420
577 291 -208 -355 -205 -103 447 -153 -36 -345 -249 -441 31 347 468 -455 -220 -79 552 -512 -108 -465 -469 -114 -169 -384 -376 15 -540 276 -538 -427 -34 -196 478
290 54 -262 -490 81 215 334 -26 559 136 -209 133 -95 -302 -39 -36 -421 -582 -162 -190 -430 117 492 166 -163 -255 -454 -172 -550 -544 -357 546 223
98 -434 -373 -528 -517 -336 -24 504 -426 -223 -142 -348 -479 -99 -189 -333 35 -583 -356 -160 -31 -419 -396 -402 287 -506 -447 -418 -285 -198 -167 -38
270 -406 -198 -39 555 -185 -514 -208 -570 -441 -49 -581 -288 -106 312 582 -11 -137 -281 -259 213 -479 -535 -182
478 -10 -215 -327 -555 250 -94 -195 -183 -404 -544 -33 -343 50 -319 -101 437 -509 -272 523 -463 520 -268 -58 -163 -126 -321 -284 -361 17 -387 -541
223 -292 -518 -560 -118 -498 -291 -424 -594 -206 -577 -156 296 -581 -408 -180 428 -387 -388 174 -410 -225 -407 -369 120 -295 -129 -204 193 -14 -294
552 -1 -107 -26 -536 -60 87 -332 -132 -75 147 -335 -123 -171 -43 -140 -57 -121 -483 -259 -367 -578 -337 -82 -386 -438 -596 -264 124
591 -166 -508 433 -335 -73 280 -244 -356 -200 -195 -449 71 -559 -113 -131 -187 -397 -387 -192 -77 -455 -590 407 132 412 -392 128 95 -505 537 -564 -482 531 297 -471 -365 3 -86 -85
384 -107 -321 -90 -260 -118 -88 198 -317 -450 -194 -42 14 -543 -259 -433 125 -382 -316 157
128 -248 -587 -120 -197 -55 -592 -126 -41 -160 -296 -350 -15 470 -154 -153 -383 -82 -366 -519 -127
289 -437 468 -84 -346 -229 -460 267 -254 -558 -375 -529 -396 -395 -497 -418 -453 186 -50 -386 -408 347 587 -207 -337 -242 -45
305 -587 -427 -421 -246 362 566 -102 -106 -320 -370 -194 463 -238 -490 -175 -324 -52 -586 -309 -364 -448 -101 -329 241 -31 43 -115
496 -440 -334 481 -302 -413 -167 131 -457 97 -482 -472 -282 -168 -249 -428 -187 -170 -461 -405 543
86 -426 -260 -330 -217 -569 -124 -144 57 -494 -344 -103 -461 -401 -152 -185 -245 346 -218 -237 -376 -108 -107 36 -262 -123 -9
361 -516 -234 -18 -165 250 59 -114 -132 352 -47 -171 -89 -142 -478 -362 -597 -550 -457 -72 249 -476 -549 -382 -295 -475 97 -51 -164 191 -279 -52 556 -101 -582
386 -387 316 -290 -124 -8 -471 -488 -583 -418 330 -594 -325 -114 -461 216 100 -595 -136 -218 286 572 -19 -263 -432 -240 -450 -37 -453 -570
231 121 -391 -355 -470 -149 -593 35 -253 547 -289 513 482 519 -361 39 -498 -284 426 -249 -454 -489 -575 -376 -399 295 -61 -240 -241 -516 -97 -499 -346 182 -60 -310 -447 -484 348 -535 -373 -459 -537 281
286 -224 -314 -468 -400 315 -394 -457 168 -312 -557 -300 -565 -554 571 -225 -419 240 397 29 -365 -454 -284 -344 -162 259
166 -226 -194 -550 -482 -376 -466 -441 -137 -471 -544 -89 -161 -530 -435 54 -230 -390 -367 260 507 -533 -572 -517 -9 -74 408 -36
338 90 -316 -211 -549 -324 -219 -426 326 -252 -158 255 -531 -239 -250 -61 -242 342 -82 -121 -284 216 -124 6 -333 400 30 -177 115 -222 -474 449 -271 -278 -51 -276 -41 -129
191 -203 465 -250 -577 -438 -591 -598 2 -248 -136 -563 -414 -330 -223 -541 -485 336 -19 -487 -506 -459 -500 -454 -282 -97 -534 -101 479 -163 -359 -183 82
437 -525 -294 -342 327 -70 -470 -90 254 -218 -565 -483 -166 -547 -381 -182 -535 -387 -238 -171 -417 -106 -366 -520 -426 89 288 -226 -286
273 -220 -1 -229 -278 -55 -219 218 -154 -29 -332 -446 -142 -450 -96 -362 -357 -179 -103 -358 -452 583 -483 -576 -471 -477 101 -125 -106 -120 -319 -492 -172 -175 -595 579
448 11 220 79 -116 -241 -290 -106 -314 -373 -183 -119 -502 -248 -113 -308 -544 -479 13 -414 122 473 -496 -442 -178 -158 -278 441 -540
588 -530 -107 -41 -199 -84 -547 589 -518 -502 -336 556 -317 -240 -584 -386 367 392 32 -515 -104 242 -138 -239 343
527 234 211 -290 -11 -139 -319 528 -341 -401 -537 -183 -15 -44 -137 -512 -212 147 -225 -574 -329 -254 -495 -571 -492 -45 352 -481 336 -57 2
99 -81 -119 -230 -78 -517 -430 -428 547 523 -527 -478 -67 -112 -29 -240 -307 -238 -360 162 -522 -117 293 -122 -513 177 -469 289
239 -42 -453 -214 -442 565 -590 -426 101 -458 -196 -374 -315 -330 -349 519 463 -50 -187 -465 -599 -452 -32
212 -378 -156 544 409 -253 -78 -584 -12 -434 -347 -99 -177 597 -40 -117 79 -385 -417 -359 -452 -120 -482 240 -30 -60 -28 -84 -527 -577 -191 -7 -471 221
391 -134 -373 -366 -553 140 165 -218 575 -209 -578 -185 -159 -473 396 -514 -540 394 102 -261 -392 412 77 -113 -79 -235 -570 532 -324 -482 -215 -469 239 -264
457 -333 -10 280 -587 -445 -189 -97 -561 -450 223 -370 28 -53 547 -17 58 -303 -30 -544 -539 21 -277 -317 -504 -313
452 -335 -336 -515 -527 470 369 -332 -584 543 -489 -31 -118 -435 -350 -281 104 -114 41 -143 -451 -375 -549 -72 -422 -5 -259 347 -184 -94 -539 -565 -242 -386
177 -28 -209 502 -320 -218 -168 -348 -122 -196 -191 288 -165 -287 139 -600 -111 -179 11 -117 -255 14 239 120 -116 323 -465 -87 -246 -20 -8 -330 -586 44 -552
126 325 493 268 -381 181 -596 -167 86 -104 -152 -469 146 -316 -63 517 -466 -342 145 -457 -75 184 -351 -90 -407 -158
328 212 -403 -563 -364 307 234 -585 -476 -577 240 -50 21 -149 445 -291 -526 -441 -146 -333 135 -436 396 -10 -56 -494 187 537 -290
482 -281 -10 -446 -119 263 -351 -40 -569 66 -539 -113 244 -200 -278 -474 -562 44 -131 130 -340 -359 -344 431 -37 -248 -306 322 -152 -508
545 -199 -513 -474 -58 -595 118 -80 -316 -453 -408 -469 182 -16 -490 427 -325 315 -435 -334 -420 -173 -333 -552 -328 -75 -81 -214 -295 384 -86 -192 -24 -289 464 -393 -48 -59 397 165 -259 56
304 94 -520 382 -253 -407 -282 395 -2 -73 -125 -85 -393 509 -66 518 -577 -443 -593 -163 60 -47 -29 -485 -271 -139 -419 507 -162 -276 314 -189 -561 -542 -149 -251 -532
580 -295 -114 -72 -79 280 -473 -177 223 -85 320 282 -452 -267 -88 329 -253 127 -470 251 -131 -42 560 -193 55 -64 -37 -264 535 -343 -76
430 -424 -33 -549 -166 -357 -148 508 -244 -465 -239 -405 -143 464 -254 -587 -568 -10 -295 -215 270 -114 -193 162 -504 -201 429 -505 -145
396 -365 364 -440 -197 -427 -477 -184 -142 28 -134 -25 -458 -305 -227 -301 -404 -153 -87 494 600 -580 -136 -363 -161 -326 -583 -312 -62 -152 -383 208 -470 -259 -8 -410
345 299 -448 -422 -105 489 -369 -550 -456 363 -476 -566 -285 -253 467 -483 -575 462 -293 -193 -526 -127 264 -27 -427 -413 -84 -507 -296 -359 297 -344 -343 388 512
535 585 320 -191 -12 -308 341 -390 -324 -251 -344 -534 27 -541 372 -386 -108 -73 376 -46 75 -227 -21 456 -62 -113 -497 -216 258 -354 536 -440 294
360 -418 322 32 -391 307 -442 -545 -180 -331 528 -14 66 -220 -431 -323 -328 -181 29 -116 -5 473 -294 175 -334 -202 -51 503 -280 -33 16 -553 -487 -128 -459
380 -495 529 465 -540 -476 463 -486 -72 -434 -127 -147 515 -208 -370 -9 -76 -387 -180 -547 -287 512 -333 -19 -589 -93 -462 -46 451 -382 -458
565 319 -348 -507 -26 -487 -181 -271 -437 -505 -377 -220 -529 -470 -516 -74 -544 -573 -579 -592 -547 -318 448 -596 86 -167 -160 -190
343 -68 -143 -259 -240 -103 -172 -534 -515 -346 -77 -57 -298 -396 493 -86 -160 -46 183 -297 55 -313 -219 473 -307 587
575 -189 -562 -392 -593 -539 -424 104 -591 -398 8 -582 -296 -365 -242 -180 -587 -388 -185 -35 -578 -258 -26 -487 -121 -313 -513
243 -390 -496 -283 -398 -35 -134 -516 -173 -505 -109 -71 -118 -219 -465 -494 18 -599 -474 -567 -454 -573 -30 -364 -517 -139 -78
35 -167 382 -304 -367 365 -578 -143 -477 -89 -218 -208 -308 525 -494 -245 -450 -435 -47 -300 -71 -523 -369 138 -83 -115 -103 129 -61 246 -310 -156 -22 -402 400 -303 181 -507
269 -425 -386 217 275 -206 -132 -412 -200 -175 484 -336 -188 168 -18 -473 -90 101 -373 113 158 -216 -103 -65 -424 -409 -346 -305 -291 -119 -384 468 -123 326 -58 -46
484 -210 -57 -306 148 -497 -120 300 -506 -358 -586 122 -531 -409 -40 -410 -383 -532 -59 -121 -260 -473 493 -474 -156 -551 -494 -142 171 -231 -312 238 -229 -550
402 -189 532 -381 -107 138 -567 103 145 232 167 42 -365 -278 -128 23 -581 437 105 -377 -54 -553 -95 -91 -335 -594 -323 77 -205 -110 283
532 -154 -103 -98 -319 -6 529 -196 268 504 -211 -63 -259 -369 -590 -484 -335 -599 443 -438 -563 -334 -350 -164 -560 -571 -576 -38 -281 -53 -158 -269 -442 -399 -468 -541 -578 -362 -85 -214
263 -52 -546 49 -407 -594 -177 -274 -555 -210 40 -54 -437 -179 -511 148 -415 -288 -446 -345 -514 -207 -267 -79 -584 -68
572 -520 -211 -312 -470 91 -260 207 -548 297 -190 -116 -332 -139 -352 -63 517 -249 -362 -138 -465 -339 -239 338 -529 -222 -251 -12
332 -33 597 -190 582 -439 -162 -558 528 -83 -478 402 -506 -387 -71 -344 -28 -433 465 -217 381 -537 -473 -538 -219 -532 -269 -420 -392 -374 -234 -212
120 -91 -467 -182 82 -360 476 -249 297 -261 216 -63 -316 166 -518 -549 -61 -221 -455 148 -179 456 -144 52 -3 406 60 -412 -62 -450 -157 -312 -388
318 -385 -337 484 339 -87 -181 -518 -437 -186 -259 -261 149 350 -501 -438 -435 -404 -33 -275 -470 -30 -511 -267 -519
596 -345 412 -391 294 -64 484 -308 -559 -522 -569 -72 -109 -12 -466 -581 -289 -45 -416 -369 -116 472 -328 410 239 -129 -6
313 278 6 -531 -538 -328 295 -567 -373 -106 -498 -519 552 -54 -342 370 -386 103 59 -259 448 161 -424 213 -509
111 -135 -355 73 -335 310 -258 163 -128 -231 160 90 -503 -284 -146 242 364 -561 -57 -196 19 -451 -127 521 -516 390 -341 -193 -336 -201 -432
236 -384 -285 -43 -468 -178 80 -570 -470 -87 -161 -437 -150 -447 -121 -451 -453 -443 -310 342 -292 -162 -294
479 -29 -497 -99 -210 257 574 -523 -33 305 -498 -376 -537 -72 -137 362 -134 -221 -340 -173 -588 232 -325 -155 503 -417 57 -369 451 -290 -53
190 -401 -393 -136 490 -475 87 487 -390 -13 -478 -23 -236 -591 -545 -589 -292 -583 -38 274 146 -351 -402 -352 -100 520 45 -237 -454 -508 -600 -217 -560 -471 -540
170 -132 575 -300 -346 -527 -55 -318 -594 -317 -593 -432 -93 -226 195 -145 -200 -41 -345 -225 -559 -156 -179 -172 -238 -17 -360 -326 -218 115 74 -383
176 -9 -63 -328 76 -406 -193 -351 -574 -82 -299 -592 -110 -590 578 -312 -599 -550 -183 -499 -199 309 -420 -566 247 447 -187 -61 -386 219 -279
327 542 212 -445 284 -220 -375 -167 -208 -408 -59 -101 137 -115 -218 -52 -240 -298 -31 -275 -64 -165 -332 -123 96 -317 -348
258 -592 -307 -367 -33 -181 -496 -335 -487 516 -80 -359 -435 563 -146 -172 -82 507 -15 -126 456 -497 399 -342 -70 -363 -257 -51 347
523 -201 -190 431 -554 -436 -420 -539 -321 -49 -592 -37 252 -131 -268 332 148 -258 -414 -311 -218 -20 492 246 -179 -421 -366
80 -162 -179 376 -342 -584 -327 -416 330 -453 -360 -456 -220 -4 -247 -306 -486 -272 -32 -408 -158 -379 -23 -206 -546 -188
424 348 -360 -452 -3 -21 -293 -269 233 -255 106 598 -77 -231 159 -265 -152 -414 -535 -190 -410 -411 -534 544 -500 325 -40 -234 -257 -272 80 -396 212 -469 574 -292
22 -446 -593 -282 -56 -256 -81 -275 -140 -584 -276 -53 130 -218 226 454 -11 -374 555
48 241 -482 134 -81 -470 -210 -374 -267 -508 -408 -218 -398 -45 143 -98 -570 407 -553
151 502 -418 -553 -108 -165 -216 -231 -343 391 -560 503 -179 79 -64 237 34 -544 -320 -214 -86 -226 -138 515 -92 -355 287
85 -6 -121 -79 585 -391 551 -42 -529 -131 -25 -71 -35 -262 -80 -135 -517 -183 -494 -278 -203 -101 -504 -223 510 -329 -539 -23 -371 -289 257 -124 -367 156 401
550 -343 -59 -26 -537 -161 -417 -527 -68 -90 -348 115 -326 -581 303 -530 -464 -372 -400 -113 -331 278 -599 -50 -243 10 -598 -382 -188 91 -95 -366 -254 282 -191 -96
403 -498 -484 327 -91 -229 -289 -177 -54 -138 -386 -402 343 -130 -451 -1 -235 330 -355 -358 -33 546 368 -522 -448 112 -24
493 -532 275 42 -373 -359 -25 -7 -507 366 -111 -368 -93 -147 -361 -355 -16 -209 -4 308 -251 -55 -447 -69 -320 -134 -416 -469
158 -362 -538 -2 -242 -412 216 -596 -498 547 -486 -452 -462 502 -478 -473 121 97 -34 -586 -287 -330 255 183 -297 512 -182 -201
314 -174 -25 -513 240 -503 -286 -386 -437 -354 -121 -416 97 -369 108 238 -281 -43 101 -518 -372 146 -212 -259 527 417 -570 -577 -362
25 -343 -539 -437 -21 -445 -450 -441 -210 -177 5 -473 -226 -475 -359 204 -8 -70 -367 -57 -385 -278 152 187 -463 -22 -456
102 470 575 504 548 -285 -435 -557 -328 -477 252 313 -261 600 -381 98 -159 -192 -583 -446 -389 -576 -2 -571 -141 -234 -117 -544 -29 -529
134 -477 -435 -434 -65 -522 -337 -529 -32 320 169 -22 -498 -226 -186 -223 -197 -266 442 251 -20 -135 -167 182 -305 -4 221 -119 -140 -321 -536 -288 -46 -578 -583 505 -133 1
306 -509 403 -144 43 -88 -365 -345 -99 -441 -464 -378 -567 421 -274 356 -488 -97 -213 -357 -69 -330 432 385 -44 486 -323 -181 -151 -205 -103 586 -217 155 -491 -451 -320 -203 -381
471 -284 -210 -508 -50 244 -381 -80 -501 196 46 -528 -353 -63 -346 -412 -300 199 -428 -424 -306 431 -387
253 -503 -126 -137 564 136 -94 -131 -85 -23 -202 -128 -476 -197 -82 -346 -182 -256 -516 537 -299 -439 -272 -484 -363 -443 155 -568 534 -335 -576 -116 -66 -213 -293 -294
521 -126 -292 -459 -283 10 -224 -108 -490 -81 -177 -254 -71 -447 -15 -530 -576 -555 -522 -179 -277 -347 222 346 153 -248
521 -161 -365 -68 -138 -108 -424 -556 -423 368 251 -418 -273 -325 -537 -117 -439 -491 -460 -326 -247 -208 -164 -499 -264 -311 -59 -74 -282 -260 -66 -30 -495 81 -240 -452
511 -40 31 -423 100 -199 -534 -362 -566 -432 -53 -594 -274 -128 -434 279 -521 -524 -105 -82 -549 -517 391 -556
334 -272 -582 -7 -232 -576 -434 -456 -263 -351 100 -128 -329 -530 -25 -362 -479 -92 -142 -269 88 -297 -318 -333 -518 -135 199
454 -105 347 -163 -272 367 -472 -236 494 -112 -77 -475 358 -28 500 351 -57 -215 -180 -590 -513 -82 260 -138 -242 -552 -316 -592 -34 -426 -186 -67 -357 -469 -264 -50 -576
203 -580 60 -25 -495 -285 -539 -600 293 -187 98 -194 -260 376 435 -70 -270 -516 -112 -141 -327 -20 -155 -294 -302 -76 -14 -547 139 -5
277 -268 -363 -20 -172 -65 231 475 -404 -435 -5 -280 -197 -383 -233 -538 -541 -561 -82 457 -149 -554 -6 -506
33 -473 242 -76 555 -216 -490 160 493 -100 -230 -191 -288 594 -593 471 -124 -144 -467 -428 456 516 454 328 -536 -468
18 -256 -538 -248 -185 -477 -581 -398 462 -99 -578 -405 -503 -347 -128 -122 -289
318 -111 -55 148 -595 295 -158 -300 -275 211 486 -208 -394 -431 -313 -467 562 -63 -309 -310 191 -442 -277 -328
424 -361 556 -391 -72 282 335 278 -235 258 112 68 -446 -503 -500 -41 -224 -598 -54 249 -84 -293 -336 -122 -440 -64
3 -520 -326 -183 -402 -383 311 -162 -33 343 128 -355 -51 438 -145 -434 -219 -515 -298 187 366 257 -288 -589 -20 -460 -369 -136 -340 113 -225 -174 -375 -508 -159
54 -600 -580 -404 -530 -341 489 -442 -130 -37 -103 -428 -89 -311 -44 -397 -53 373 -457 529 -571 538 339 -267 -91 153
148 533 -102 -50 -445 261 526 -327 -590 -594 228 -236 -573 -76 -29 -437 -461 -344 595 -135 205 -112 -272 -406 -22 -248 -592 -158 -169 -271 -195 -329 -471 -477 -190 -128 -109
160 -380 -56 -156 -310 -251 -410 -479 -361 485 -427 -515 -393 -167 211 -51 -84 266 -29 -225 -451 -588 -494 -579 -510 288 -181 -444 -20 339
361 -253 -532 327 127 -252 -117 -460 220 -359 -77 -369 -22 -512 525 225 -69 -184 -467 -249 -440 -410 -108 -36 -466 -194 -393 -563 -309 -27 -524 -495 -307 -210 -422 55
38 298 323 -486 487 -598 -398 -385 -64 -261 -544 -331 -51 119 247 -555 -384 290 -37 133 -448 -327 163 -433 497 -8 -507 -454 -538 -128 32 227 -6 223 -156
176 160 -50 62 -535 -258 -489 -167 -209 -370 -539 -297 -438 -165 -193 -592 -213 -481 -217 -287 -140 -516 143 -101 -448 -7 -450 -515 -121 -294 -260 -94
576 550 -178 -172 -480 -155 -333 -89 316 -366 -561 -439 -127 281 -23 -37 -126 486 -549 -435 29 -441 -578 -109 -443 201 -458 -533 -22 -61 -4 -50 -391
319 -545 62 -375 284 -109 -34 -311 -409 -463 -10 -455 -114 -537 -438 -63 -86 -106 -325 -142 -467 599 -600 -320 -492 176 -288
138 -326 -285 -71 -594 -150 120 522 -14 -493 60 524 472 -398 -271 -20 -167 -528 337 -149 -98 -450 93 -145 -133 395 -328 -16 -370 -178 29 -195 -224 -512
307 151 -590 -591 -45 -60 -435 -228 -563 -19 269 283 -190 70 -278 -154 -530 -5 475 -337 -528 -187 -32 -62 205 -402 -59 -114 -144 226 273 -125 -206 -389 -251 441
260 -215 -594 -480 -251 -428 18 -485 -509 -96 -197 -592 -284 -275 -147 -515 134 551 522 -283 -353 -409 -473 -348 -459 -558 -496 -358
11 -582 -429 -508 -35 -359 -336 14 -160 -335 -279 -81 -107 -440 -402 -503 -67 -574 -595 -190 -561 -147 109 -73 -278 570
488 -387 -505 -358 -489 229 -157 -426 -439 -122 353 511 375 -497 -79 -68 -104 -342 -475 536 -472 394 -195 567 -379 -598 -278 -294 -169 -328 -452 -418 -82 -224 -584 -521 -402 -160
267 533 -459 543 -321 -322 -428 -8 -475 -434 -19 -528 -499 -286 -407 -520 -457 -296 338 -599 517 -234 406 -80 -38 -502 -376 159 -397 -450 258 156 -427 -371 -361
457 -504 -93 -595 -133 -8 -50 223 -584 -327 -144 -598 448 196 297 -207 -68 -485 -361 -169
549 -372 -4 -264 -568 -415 -241 -412 -93 -206 20 279 -245 -497 -552 -201 455 -257 -65 -148 -281 -498 -49 -356 -214 -588 -38 -11 386 576 -384 -508 -224 -27 -66
544 -558 -154 342 34 -44 -21 -48 -199 -237 -557 18 -4 -408 -252 -323 589 -69 -148 541 -434 -203 -555 23 -88 -509 -147 -10 17 583 -348 -61 -312
27 -10 -290 546 -268 209 420 -363 326 -300 -31 -520 -408 -407 -141 -122 -453 -443 -517 344 318 -237 -299 -75 -250 -25 -373 -21
328 600 -320 -294 -125 -202 -462 -62 509 -386 -350 -81 240 -177 -35 -390 -63 -269 -359 -305 517 -165 -185 -233 -194 -92 580 -71 -98 -382 -422 157 -542 -310
246 -287 -429 373 114 -428 -132 -50 -477 416 -412 18 -583 -21 -557 -107 -460 559 -363 578 -362 -572 -220 -161 13 -402 152 -42 -365 -340 297 -86 -308 -490 222 292 -502 -468 -91 529
152 -228 -252 -339 -363 55 -65 -280 373 576 -188 415 -116 92 -436 -357 -168 78 -407 -35 -36 -88 -196 -123 -84 -206 543 -487
178 -546 -574 253 -111 -446 72 377 358 -220 -449 263 -166 -582 164 -433 -170 -382 286 403 -547 473 -36 -300 -317 -176 -69 456 -428 128 -367 268 -486 -267
140 -469 -299 267 -103 -74 91 -231 -57 -71 -143 153 -555 435 -298 -295 -534 -65 197 -94 284 553 -426
180 -538 -310 -49 -178 -153 -418 -333 -500 394 -31 126 -115 -302 -213 -32 -568 -119 -184 -404 -43 539 -97 -106
101 318 -125 -211 527 -363 -234 -447 -586 15 -294 59 -71 137 -202 -348 -598 -158 -139 -107 -529 -114 -469 -369 -553 -219 100 -362 -427 524 199 -325 333
317 -485 -311 399 -404 -173 476 -389 -430 -22 -191 140 -327 116 -60 -87 -72 -385 83 362 -386 161 284 -102 -383 -514 -29 -18 -106 -397 501 -359 -229 -373 -28 -2
510 430 -565 -330 498 -81 -120 -480 -171 -144 -129 -519 -479 591 254 -487 -136 -70 -18 -283 -328 -343 -34 -195 6
597 -8 -321 -421 -377 -254 -577 -430 -335 567 114 515 -141 -129 -99 -365 -317 -214 -148 -562 246 -390 -79 -229 -320 -596 -570 -181 -373 12
155 -82 -585 441 -128 70 -406 454 -530 -470 -335 71 -365 -387 -529 -203 557 -122 -285 313 240 -599 -198 -143 -521 -64 -416 -396 79 286 -597 -188 -172 -461 -453 -137 -11
585 -223 -126 -373 56 -456 -468 -249 -25 -185 -212 -208 -334 -116 -409 -136 497 -167 190 -46 186 -21 -70 -488 -224 -581 -453 -397 161 -154 446 -481 399 -108 -599 -588
521 544 -462 -514 166 -472 -530 -204 -546 -199 -3 -336 -516 566 -202 -248 -444 -517 -2 -473 -441 -156 -23 373 -7 -92 -83 -200 -111 -105 -477 -264
195 24 -95 -177 -544 -513 594 -85 -361 -312 -332 -373 -472 -25 153 -141 -384 375 -495 -239 -291 -212 -476 -283
487 -41 -175 -555 547 -134 -130 -261 -370 -489 -346 373 448 -461 -142 -453 -523 -414 -126 -256 -120 -73 -277 7 281 459 -208 -398 -228 -519 319
247 -74 273 -295 -450 -411 -372 -199 417 44 -392 84 -445 -191 -577 -197 -521 -133 394 -141 -242 -532 207 -198 -549 -475 -108 -205 -340 -40 -461 -518 209
306 -451 468 -414 -208 11 -433 -374 -495 -371 -269 -577 -175 -590 272 574 -529 -576 -273 359 -299 -58 -250 -331 -532 -48
501 -371 -563 -527 -203 -372 44 -184 -42 -495 338 -370 -144 223 -553 -188 -135 139 -157 -50 -117 -200 -252 -31 -37 314 138 518 -3 549 244 -19 -80 -489 -441 -58
128 -95 -32 -81 -293 -284 -167 405 441 533 -214 520 -213 -272 271 -201 76 -349 -577 -244 -72 -245 -140 -428 -539 -145 -14 -286 -526 -417 -416 -242 -165 -211 -448 -338
289 123 232 -480 -407 382 -502 -253 221 -322 -473 292 -454 -587 315 -359 79 -243 -14 -312 -153 -495 -323 126 385 -405 -308 -206 -61 129 -416 -174 -429 -200 -423
85 -87 -260 -483 -99 -310 -291 -23 -274 -75 -196 -50 -158 -504 -484 -486 -554 -597 -408 -94 -89 -179 -119 -217
173 -274 -44 -296 -125 -305 -174 -361 -20 -387 -349 -339 -216 -416 -40 -65 -100 -287 364 -192 -316
54 -333 -65 -204 -220 -316 -116 -55 -115 -60 -279 -3 -450 521 -201 -112 -69 -505 -510 -48 -526 -200 -452 -171 110 -484 -419 -426 -582 -391
95 13 366 -444 62 240 -17 -297 -243 -408 -411 -429 320 -18 -201 -55 -441 -110 175 167 -473
393 -361 -492 505 -465 -174 573 -517 -110 -488 -491 -425 -36 -581 536 -52 -336 -122 -235 214 -233 -106 -256 -432 -42 -434 -89 -264 556
498 -313 105 299 -410 -323 -296 -7 -70 -456 -506 -24 254 -62 175 -458 -265 406 -527 -74 514 55 -259 -378 -42 -209 -230 494 -22 -596 76 -461 -469 -224 -139 -453
214 -302 -120 -496 -42 -47 -173 -237 -346 -299 -233 -283 -491 -528 -495 -108 -352 -104 -316 -215 -88 -327 -527 314 533 -239 -365 -482 -342 -421 -348 599 378 -445 84 -497 -200 -590
302 -252 -293 -504 -219 -93 -104 -75 -33 -185 -594 -482 -282 -276 -579 -427 -408 -562 -564 -165 -357 300 -128 -493 -97 -327 -563 -63 284 -359 -84 483 -43 -515 -444 -241 -353 -7 -122 -288 -265 -36
406 -396 -173 -588 -249 -120 -24 -441 -569 -345 113 -66 -146 -69 193 -126 85 -555 -361 -32 -184 -515
330 378 555 -497 96 338 -487 -447 500 -149 -506 -280 -514 -228 -20 -57 -134 -443 -226 40 -396 -303 -502 -121 498
381 -138 -584 271 -586 -269 -370 -485 594 -99 267 -295 -377 -233 -530 -344 -510 -16 -30 -86 -382 -333 -504 -148 -114 -274 -563 -152 50 -115 -435 -414 191 -491 -193 -422
338 -508 -491 187 -7 -184 -377 -46 -195 -488 -116 -458 -533 -365 -88 -139 -360 -194 -507 -125 -85 573 -280 -97 -553 -20 81 -67 -391 -60
491 -57 -240 -580 466 507 -272 -136 -500 -544 -36 148 -322 358 -547 -575 -568 -478 -168 -252 72 -153 206 -35 -56 -504 518 92 -369 -211 -124 -427 -191 -135 -525 -470 -210 -165 -590 -548 -363
337 -229 204 -541 -576 278 -134 -72 -558 510 -378 -598 -383 -291 495 -121 -492 -345
595 -191 -235 -565 -412 -218 -162 -150 -508 -26 -372 -396 -113 -222 -330 -503 -570 -176 111 -327
14 -90 -240 28 -452 -435 -152 -327 -411 -428 -346 -179 -307 -531 -132 509 -81 -30 377 -425 -52 -73 -481
544 -110 -404 -531 373 -198 201 -302 -401 425 578 226 -160 -11 326 -38 -191 -595 580 -70 -508 -317 -89 -148 -73 -423 -79 -522 -4 8 -146 560 -562 -437 -483 -335 -306 -168 -261
184 -272 -458 -538 -372 -261 522 -452 -549 529 -196 -220 581 -38 -230 -163 -477 -19 -55 -377 -404 -160 -359 -518 -146 -316 -491 -253 -436 -288 -461 -535 -323 -60 74 -277 -166 -242 -211
53 365 -240 -161 -187 -503 -147 -7 -411 -261 -522 -533 -336 -84 -334 -172 513 -57 -121 -412 459 -177 -315 -573 -88 -19
36 -134 -52 -515 -278 -458 -549 -71 -491 487 -138 -588 -355 570 -476 -11 -344 -598 -359 -6 -532 -24 -554 -241 -547 501 354 394
535 -107 -254 -163 -582 -221 507 -477 -380 -278 190 -515 -63 -187 -498 -164 31 -396 233 -263 -157 -142 -93 -252 -102
440 -404 -295 -266 -80 -190 -303 -64 -579 -431 -30 -468 331 -192 -478 -56 -20 -514 -205 -286 38 -446 -61 87 413 59 -54 -188 -31 -515 114 -322
50 -416 -134 -275 540 -599 -381 -2 -5 273 -100 -103 -259 -392 -492 -241 67 229 -373 -205 -158 -543 448 -10 -404 -473 155 174 -251 -76 -501 -481
380 -357 -282 -379 -156 -93 325 -25 -227 121 -514 -30 -461 141 -297 -181 -517 -550 592 -106 -429 449 -194 332 -590 583 -165 -252 -358 162 -476 -242 360
287 -72 517 -533 -457 -85 576 -104 -30 -369 -543 -130 159 -233 -282 -597 240 -229 -20 -190 -217 -582 -390 -415 -403 -179
263 452 -195 81 -507 -102 -431 -228 -99 -97 -227 -12 -558 -380 -439 -562 -527 -533 -224 -561 -234 -514 107 470 -253 -191 -165 -86 -448 -294 -117 -304 -348 372 61 -383
334 -427 -141 -320 -496 562 -217 -579 -538 -476 -403 -394 147 361 -483 119 -410 70 -152 -283 -305 -61 -521 -234 -310 -375 -463 -447
171 -251 -237 -118 -339 -256 -417 -355 -112 -14 569 -514 -174 -117 -513 -73 -138 -4 -577 -40 517 -422 -272 323 -578 -182 152 44
160 -130 29 380 297 -204 476 -462 -80 -309 443 250 -243 110 -209 -87 -86 -299 -349 -351 -270 256
419 -262 -96 -351 -322 -570 329 -440 361 475 -276 -258 -235 -20 -334 -196 -182 -67 -505 155 -457 -446 17 -40 -230 -150 432 -105
370 245 -302 121 -450 -252 550 -574 -213 -367 -276 -244 -280 -143 247 -4 -38 -274 -109 -238 -340 -407 -122 298 -262 -211 -416 564
318 331 -590 -202 -145 -367 -567 234 -96 -549 -309 -80 -246 400 -525 -554 -553 -149 -183 158 278 -240 399 -351 43 67 -408 32 -112 -545 -298 538 -133 -200 -338
52 -5 -232 -323 -66 281 -415 -196 -86 -357 -277 -358 -32 -2 -467 -139 -163 -84 -597 -498 -287 -423 -533 -424 514 -359 -332 -72 59 -442
39 -300 330 -202 -112 -433 149 -502 -61 195 -201 -107 -348 -85 -308 -51 -570 225 -60 -316 -310 -113 -163 -333 71
384 -201 -187 -326 -487 -8 -422 -95 -538 463 440 -121 -85 -448 -378 -522 -99 -193 -400 430 -247 -19 -138 -333 -316 -221 496 -20 -466 -276 -481 -363 -470 -214 -120
446 -208 -591 -393 -465 -40 293 -562 -476 521 -222 454 -182 -493 -41 -45 -554 431 -260 413 -328 -345
321 -197 11 -60 -173 -250 -46 400 -446 -13 -525 -462 -96 419 585 -16 -68 -390 -360 127 -300 -164 -439 543 -216 -5 195 -428 -443 -238 -520 -537
272 -135 -164 504 -553 -525 493 -80 438 37 -278 -29 -436 -129 -402 -366 -174 -210 -350 -463 -54 -437 311 388 -265 -79 -32 -204 -145 -218 -6 -192 -565 -284 -469 -138 410 -485 -2
468 -70 -339 -340 294 -565 571 -38 -356 -410 -446 -283 -200 -235 -419 -481 492 -287 315 -364 -541 -336 -298 -204 -281 36
264 263 -159 -572 -108 -266 432 98 -62 -229 -224 -100 -352 278 -168 -220 -90 -47 -369 -415 -105 -206 -575
211 -269 -199 -263 264 -245 -50 -224 -255 -39 16 -576 -296 -358 -389 -597 -421 -333 -258 -403 4 -243 -497 -21 -536 -513 35 -375 -128 -318 -467 -229 -130
556 577 -255 -132 -28 -13 449 106 196 9 559 -406 -516 -158 517 -361 -444 -175 -160 -299 -344 -93 -348 -211 -263
9 -544 -503 -352 421 40 379 -508 -361 -368 -408 -41 176 123 -49 -514 -105 583 -423 -81 -431 -268 -427 -543
363 -128 171 -133 -491 211 -281 -527 -306 -233 -163 -145 -551 164 -2 -36 -119 -411 -200 -298 587 -61 -456 -464 285 -260 153 -181 44 -534 -67 -407 -517 -78 -574
377 -176 -481 -415 -493 56 416 361 270 -391 -138 406 -430 103 216 329 153 -369 14 -130 494 -375 -77 -332 -450 233 315 -252 -17 -554 -489 -12 -203 -358 -518 -144 -288 -549 -7
41 -60 139 -536 -487 436 -226 150 -489 -195 -16 -449 -535 -375 -577 -532 -130 -314 -385 -396 -168 340 -282
417 -469 -381 -82 -505 -131 -93 -438 -574 -218 -88 -15 -181 -79 -483 -517 244 289 -396 -311 106 -271 -533
57 410 298 -341 -95 61 -183 -74 -93 -209 -175 593 -290 -326 -472 323 -245 -153 -524 -506 -332 -280 51 -302 -270 -297 -424 -518 -229 -1 -158 -564 -216
157 -581 -30 -346 -477 -424 368 -200 -247 -392 -128 -476 -414 427 -493 -300 -513 591 -334 -199 -398 -160 479 132 383 -430 -281 -73 -512
197 -461 -212 390 -175 -98 -157 -323 -365 -237 188 -570 -548 306 511 -401 -535 -180 -480 -269 -261 -167 -38 220 557 -170 -63 -13 -67 -44 -106 -453 117 -12 114 383 -591
238 -107 173 64 80 -261 -561 -291 -225 -60 -364 -420 -143 -170 -572 -245 -415 -95 -553 -466 -96 -207 -156 564 -353 -371
321 -199 -418 -297 324 -188 -160 -584 -566 -519 -78 -579 83 -68 -586 -117 -53 -523 -51 447 -536 -329 -449 -36 -573 -464
246 -232 -575 -353 -185 567 -385 337 -115 -266 297 -599 -514 -281 -544 -508 -424 523 181 -504 -531 -95 -59 -56 549 -473 -86 -106 163 -489 378 -305 495
428 -115 -560 549 -578 -379 73 -14 -41 -254 -325 -532 -13 -401 -210 -264 447 -510 -519 -372 -135 588 -599 -195 218 -65 -83 -234 -259 -180 -75 -421
457 415 -68 -276 -2 -521 57 -3 -198 -449 283 -221 -456 -141 -43 -403 -223 -459 -17 -402 -286 -345 -181 -468 -227 -405 -383 -238 462 -267 -259 -584 -233 423 -76 -260 -211 481 -583 -184 -265 -557
559 -59 -200 -183 -516 -434 -188 -566 -369 -4 -537 -562 510 -176 -199 171 108 -169 -467 518 212 -448 -19 -296 -289 190 -208 -262 -12 -81 -531 -536 -392
499 95 -8 -346 -562 -112 -540 -28 -569 -380 395 -190 -418 217 -485 -443 -502 212 -202 -43 -103 -511 -26 -6 -67 -254 -585 -63 -426 156
292 -421 418 -578 -6 262 -15 -393 -232 -387 -437 -285 532 -470 64 -484 -211 -137 26 -149 -186
152 -528 -354 -59 -499 -410 -360 -138 -118 -134 -194 -510 335 -155 -585 -15 -321 -399 -171 172 -524 333 -373 -51 -426
118 -217 -274 -130 2 -313 -420 -246 -132 7 -174 -566 -141 14 -436 -352 -305 144 400 -471 -292 -36 -360 106
406 -458 -176 -525 -235 -278 -238 407 131 -488 -410 -56 441 568 -57 -497 -418 -538 -296 -431 -126 -224 -325 -261 -518 564 374 -537 232 -73 530 -101 -504 -317 -328 -487 -312 -194 -476 77 -358 249 42 319 -447 -137
26 -49 -329 -349 -247 473 -352 136 -447 -404 56 -571 449 -74 -557 -514 -438 -149 -518 -178 -488 -497 -554 -41 -121 -446 -161 -583 -202 -380 306 -291 -532 -337 379
511 -546 43 -542 -332 309 -566 -508 -439 -366 -36 -14 -308 390 408 -391 492 -411 -206 -184 -442 289 -5 -93 -523
85 -347 -571 -526 -284 -228 203 -446 -400 -426 176 -596 -262 -378 295 -249 -561 -513 -10 -303 -23 298 353 -597 -268 -89 -191 -473
131 394 -463 -581 -470 -392 44 -211 -355 327 -248 -75 -71 595 -597 -288 -137 -30 -223 -348 -281 -412 54 23 -424 -452 -437 -369
589 -193 -248 -184 -117 -11 -110 -434 -597 -538 -246 -92 -483 -192 64 -226 -426 -302 452 -40 -298 -493 -567 27 -236 -548 217 -513 -348 -457
523 -386 -354 -225 335 -357 -408 -208 -403 -558 -285 -498 -77 -448 162 -50 -444 -133 -504
171 -110 -360 105 -558 -128 -559 -230 -299 -83 106 -597 -150 151 -521 -240 -4 -390 -125 -490 367 -417 -234 425 -92 -377 469 -45 -85 67 -530 -63 -403 -534 -115 -322 -484 -297 -600 -64 117
290 -336 -241 -166 586 -130 -593 -202 391 -344 -232 -459 -433 -126 -428 328 -75 -193 -554 -549 -254 -125 -594 -372 -384 -68
247 38 -378 258 -305 -147 257 -320 -323 -153 62 -63 -222 -482 29 -484 -571 -598 357 -431 -551 493 -425 -577 143 443 365 -181 -315 107 -85 -326
221 -504 -238 -292 190 -386 -597 -381 -122 -182 307 -225 -199 -501 -129 137 -152 -216 113 -222 -498 -520 -359 -319 -271 -388 103 -454 -142 -14
236 -167 -263 594 -8 -241 -31 -397 -552 -83 -260 -319 -323 -254 -292 -387 573 -108 -535 599 455 -469 442 423 -231 361 -459 -129 -526 248 -505 -531
215 491 -74 -425 -463 -517 63 -178 -592 292 -541 -100 -201 -240 -572 -107 -91 -543 -418 -391 -2 96 -151 -313 -347 -268 -504 -383 -203 -506 27 -246 -186
555 -8 30 -575 -305 -73 174 -324 -560 -133 -513 -420 -516 -362 -294 -200 -2 547 -590 398 -361 135 102 -319 98 -132 -393 -225
468 -88 -387 -90 -61 -254 -111 -596 -112 -316 393 127 283 -431 71 -219 -414 -37 -492 -242 -306 -20 208 -297 153 -493 -223 -261 -450
499 -338 -583 -441 163 -21 -412 487 -450 -288 -570 585 544 -503 -309 -481 505 479 -369 -323 379 -500 -8 -259 -408 -445 -449 -525 -541 434 -201 68 363 -208 -311
59 -425 -393 -255 120 68 -401 -546 459 -279 305 -391 -105 -568 -491 117 369 -478 -308 -553 -218 -510 -303 171 -87 -90 -522 -152 43 270 -24
245 314 -262 -77 -509 -389 -554 -557 -350 -417 -6 217 -385 -445 121 -551 -98 -81 -67 -146
567 -267 -312 -11 559 7 -154 -288 -577 -459 -352 -432 -464 -425 45 -239 340 -319 -414 -215 -85 -265 -141 -65 152 -171 -230 -329 251
219 -218 -490 -204 -480 -418 -341 -49 -507 -254 -309 -330 -327 -353 -376 -470 -329 -526 -391 -130 -191 -422 -378 -89 -570 -135 572 -124 46 -185 -320
377 319 -123 -74 -290 558 -150 -267 -487 -71 299 -460 -176 -131 -119 -515 -439 -237 -481 -115 -296 -470 -375 -185 -431 216 -275
459 -243 276 -150 -189 -432 -141 -287 -410 41 -375 -510 -518 -56 585 -471 -492 -93 -516 -587 268 110 -318 -81 -477 -380 -524 -345 -260 -151 -412 -66 289 133 -205 175 -417
593 377 -530 3 -242 -582 185 -485 -346 -284 -103 -350 -373 -16 -145 -421 -17 473 -160 -143 -66 316 553 -81 -330 -98 -248
213 -420 -306 360 -488 -231 516 -434 -242 -585 -256 -508 -195 -323 -363 221 -453 -366 436 -404 -384 -410 -480 -354 -252 -563
477 -38 -567 -167 -136 -69 387 -576 150 -457 255 49 -517 -54 425 -48 -200 -194 -96 -557 -383 -17 9 -154 -4 -61 -275
53 -509 -287 -117 -108 -347 -191 -471 59 -497 -394 -265 -126 -372 -322 81 -553 516 -421 -256 121 -543 457 -288 204 -170 550 -78 -596 -480 -581 -119 420 -597 188
101 12 224 -135 -152 -547 226 -223 -548 532 -599 -357 -534 -585 583 -594 -83 -228 -177 555 -24 293 -500 -81 -36
4 -109 -423 -313 -241 -591 -278 -248 -433 -134 -33 -468 -559 -249 -46 -311 -239 -448 -369 58 -161 247 -166 -375 -26 -244 -51 -293 -283
42 202 -584 -157 -240 -221 -478 4 -496 -225 491 -80 -186 404 -293 -394 -430 74 -454 -510 -390 245 -585 -231 -582 177 -594 258 -264
105 -478 -424 -517 -307 -175 -60 -587 -231 -164 -298 -410 -584 -552 -363 -215 -374 -114 -173 -488 -353 -52 -350 -483 -240 -197
345 -561 502 -395 -124 -112 -194 -180 -385 -8 -391 54 -39 -319 -511 -113 170 320 -245 115 -7 -425 -551 -434 -554 -539 -240 -2 106 515 -489 -422 520 -71 -246 -560 -262
341 -12 -223 -503 267 -71 -315 -253 -444 -446 -598 -498 -594 -170 217 -439 -510 -31 -462 -542 -97 203 -597 -355 -75 -279 -246 -469 -328 325 -387 -60 -460 -516 -65 56 -126
296 -17 -272 -517 -56 -406 -284 -65 -175 -36 -505 -105 -539 -392 -407 -195 45 -94 -581 -553 -557 -497 -207 -28 -529 -263 -170 -304 -100 -403 -236 -150 -514 -287 -384
474 -282 35 -428 -158 -164 265 -530 -450 -440 -497 -500 -412 553 -190 -558 -563 -346 -434 103 -117 -495 -408 -209 138 466 -514 -588 -480 -7
423 92 296 -175 -91 -323 -38 333 -507 -260 87 -122 246 -508 -538 -324 -29 352 -73 -404 16 136 544 -233 -203 -542 -388 -199 -372 -432 -222 -72 -598
81 -150 -164 -3 -582 -54 -166 -395 -396 169 -498 -272 -399 -183 -375 -137 -239 -382 276 -314 188 -205 -548 -459 368 -391
540 -2 -151 -272 445 -596 -18 -108 -86 -128 -237 -366 -539 70 -260 -354 121 -520 -442 -269 -192 99 -312 -342 -152 -165 -551
53 -192 -94 358 -251 -553 -424 248 -562 -243 -378 -175 546 -287 349 -456 -151 -136 -578 -327 238 -435 116 -204 -127 -431 480 160
49 -270 -507 -192 -457 -344 -178 -314 -230 -60 -275 -161 -326 439 -536 -143 -310
405 104 49 -158 343 -384 -94 -423 -579 -214 -336 -471 -436 -390 -439 -460 -117 -316 -361 -206 -509 476 -36 458 -216 -594 -369 292
194 -250 -387 -100 -215 -179 -458 -561 102 -64 8 231 -153 -295 -93 -103 18 -474 -442 -516 402 -195 246 -108
290 -100 596 -419 122 191 -564 -108 -358 27 -353 428 -298 305 321 -224 -511 -433 -498 -529 -398 -440 88 -503 471 -423 -215 304 -474 -230 -300 -469 35
313 -210 85 538 -334 -373 -354 -330 -32 -214 -234 407 161 -571 -55 -304 -486 -396 473 -553 528 -533 -356 -23 -143 -390 -469
581 -522 -368 -419 -473 151 262 -72 -290 -252 -323 -499 -168 -30 -331 -452 -217 -557 -350 61 -513 188 235 -133 -332 10 -59 96
395 -438 -358 -143 -446 -10 580 214 -83 -347 -103 -345 362 -369 -224 -532 509 -222 -557 600 -124 -181 -113 -587 -155 -122 548 441 -459 398 -354 -239 -120 -385
463 -362 -236 -197 -443 576 -535 193 138 -438 -422 -332 -22 -577 -533 70 514 398 -453 -162 -65 225 -313 -498 480 -123 -179 -319 369 -421 -371
404 -419 -245 105 -567 -39 -284 -189 199 -243 -112 -376 -462 -5 -73 -234 -521 -241 -201 -573 -187 -231 -336 -492 256 -352 101 -534 -260 -37 -484 -63 -326 -255 384 -310 -452 -365 -14 -190 -278 -1 -74
239 -34 -276 297 -447 -2 335 -407 518 -563 -596 -49 -599 -536 -327 -543 -506 -142 -531 -319 -11 -150 -135 592 -200 389 -166 121 -115 -416
435 -23 -24 -108 -91 -448 586 -50 -142 -402 -60 -517 -339 -594 -140 -153 -512 -131 -502 361 -562 -463 -21 236 5 171 -325 55 -258 -595 300 -555 -449 -564 -1 -373
23 -21 239 -116 -543 -158 265 -370 -185 -93 -488 -574 -236 -129 554 -170 -145 -250 -313 551 457 -385 -101 -14 -318 -42 -537 -309 -20 -46 -523 -154 -373 -316
177 -62 -372 -525 23 -248 -536 -137 359 11 -559 -538 577 -319 -515 -430 -391 -111 -567 -477 -573 -50 -61 -182 -276 -267 -408 -26 -38 -222 548 -591 -79
137 62 270 -57 -564 -523 -437 201 -406 492 -147 543 303 -522 -302 14 44 -493 -40 -600 -452 -579 310 -583 -459 -571
311 470 -393 -11 -478 513 -332 -192 -248 201 -444 -297 -529 33 -211 -328 -288 39 -421 -539 -476 133 -167 -126 -446 -313 -286 -317
244 -305 -550 523 -372 -38 -292 111 -382 -150 -575 -171 -108 -134 -288 -528 599 -261 -237 -201 85 -368 -26 480 -262 208
9 90 -538 543 -467 356 -347 -310 -320 -486 -169 531 -22 -246 401 -492 -488 -336 -174 -176 -84 -465 -529 -36 -548 -561 450 65 -341 -56
569 -410 -119 -443 -537 322 -335 -583 -307 517 233 -549 -404 -105 -152 -582 241 -561 262 -556 -290 -413 -44 -554 -599 35 -97 238 313 115 -379 -411 -163 -574
359 37 -469 22 -435 -187 -351 -135 -580 -87 -166 -599 -510 511 335 -188 -7 -506 -49 -205 -121 -507 -444 272 93 -74 -563 -311 -393
547 -64 154 -228 -305 -197 -39 -175 -11 -550 34 6 -528 -120 -223 -508 -263 -480 -548 -276 313 -97 -294 430 -196 -318 118 -247 -237 -582
420 -86 -505 -493 -369 114 -83 588 -87 -151 -410 -490 -253 -153 -109 433 -311 -434 494 -568 -587 -454 -135 -127 -552 -516 -8
532 -557 -556 228 -154 -267 -55 -115 -131 -23 -510 -250 314 -45 -324 -384 -121 -84 -366 -477 -454 -360
584 -145 -12 -528 -468 503 -539 -436 -209 401 -381 -288 -457 -464 324 -144 -520 -384 -216 -488 -225 -438 -501 -563 28 -383 -166 547 -420 -491 -418 -531 -239 -498 289 -315 396 -33 -258 -356 -477
361 -124 -82 -90 -365 -248 -467 -221 -581 -72 -263 -244 279 -519 367 32 -104 -544 -49 -45 -316 478 -502 -506 -225 13 -426 -1 -74 67 -8 -443
219 310 -389 197 116 368 34 160 -451 58 -410 -277 -89 185 -401 -337 -412 -589 -502 -468 -390 -99
274 -279 -207 -409 105 -316 -358 444 131 -465 -71 275 -189 -591 -224 -147 164 -351 153 -41 -94
210 364 -388 -266 562 -278 -76 -93 186 -315 -304 182 -416 552 -510 -458 -219 -190 -199 -487 404 -342 -44 -198 497 -110 -322 -29 -306 343 -363 -571
450 568 -44 -544 -36 -354 -67 329 -139 -150 -470 -222 -456 -433 -19 -387 -194 374 193 79 -146 -419 -31 -500 -399 -173 -392 -309 -486 95 -532
61 493 506 -6 -444 -510 -122 321 118 249 -25 -5 -176 -117 -372 -532 -457 -214 583 24 217 -278 -502 -339
487 470 -464 -14 -326 337 -247 198 -539 -494 -540 -287 -119 -583 -424 -275 -295 569 -201 -355 -528 466 -426 175 -534 -438 -409 -595 -327 -440
325 -18 -364 -298 594 5 -425 448 432 110 158 -192 -91 -8 -550 -119 -33 -553 -357 85 303 539 -43 60 -443 -308 -114 -562 -156 -169 -145 373 -239 -163 -552 -393 -572
371 -583 24 319 -132 -486 -327 10 517 -481 482 -589 -261 -439 -257 -295 -494 -323 -579 362 -406 -496 41 -57 347 -17 -288 -31 275 -75 -284
486 -472 -332 -354 276 -166 -283 -557 167 -316 -285 -103 -492 -367 -589 -576 313 -251 -525 -65 -110 189 -461 -68 -363 -223 -545 -169 -450 -134 -165 -449 -49 -242 259 -555
389 -105 -536 -107 -510 -444 -254 495 124 98 26 170 -582 -321 -491 -445 -307 -398 83 -54 -418 137 -523 -118 -479 49 -9
392 -388 -545 -87 222 -315 -252 -429 -288 -166 -320 -306 297 -71 437 -43 -96 -317 -131
526 -302 -363 -96 357 -151 -548 -66 280 -69 -282 -596 -528 -53 -72 -94 452 -405 -567 -590 -285 276 537 -174 10 410 -480 -235 -517 211 -593 -205 -120 -126
84 -159 -255 -415 -204 543 544 -530 -592 -98 -129 -176 -363 108 140 -371 -205 -74 423 -221 -313 -331 -5 -316
138 -85 -357 -191 -571 -121 -307 -44 -300 -258 110 -555 -255 456 -46 -161 -55 -232 200 -416 303 -196 224 27 -63 -399 -103 -6 124 -174
548 123 -52 253 -99 -442 -286 271 -108 -224 -459 111 -18 31 -155 -563 -304 382 -88 -346 -8 549 370 -350 -504 -131 -67 -277 -107
420 509 -28 -562 -290 -93 -59 583 488 -300 -206 -111 -172 -333 240 -486 417 259 -54 -362 -533 -477 -461 -175 222 -134 -577 -53 -567 -18 -323 -342 -375
287 -10 389 -26 -392 -299 -192 -568 -14 -446 -116 -36 -164 343 307 176 -219 -329 -258 -271 400 -331 -363 476 269 -136
93 -30 -75 -130 -532 -575 -583 -365 -44 -528 -254 -50 570 -341 -123 135 -451 -436 -221 -37 -369 -520 -181 -565 -23 -45 -310 -259 -508 -512 -281 555
329 48 -320 463 -236 116 -156 -32 -579 -537 -478 -567 -66 -218 -323 -559 -221 35 -68 -374 -350 -337 583 531 -584 -67 -276 -43 -520 381 -459
498 45 -280 -299 -577 380 -513 -195 -189 -420 -377 -183 -47 -63 -66 -564 -106 -510 -487 -76 88 483 -432 -387
80 -141 501 152 -138 -204 -145 -50 328 -292 -161 -313 -298 -47 -54 169 -142 -307 -282 -528 -297 224 -598 -590 -558 -144 -225 -72 -593 433 67 -525 -196 515 -497 -127 -14 352 -95
460 -6 -259 -322 -462 -305 -211 -379 -406 103 -506 196 -14 -16 -112 205 329 -258 -374 -505 -269 -73 -438
416 23 -40 -38 -119 293 -194 -87 297 -360 311 -176 -271 455 -20 -342 -21 -322 -226 -58 -553
379 -523 53 25 558 250 -466 -535 99 -563 588 -253 -145 -123 148 -202 -150 -42 -167 -503 -125 -159 -192 -325 -332 -343 554 -257 -411 -405 320 -95 -117 -231 -75 -533 -15 -63
244 399 -550 -227 -333 -402 -182 -183 -108 185 27 -397 -151 -384 390 -582 -598 -453 -266 -6 -538 -511 -285 -99 385 -344 -265 -464 248 -84 -468 -41 -168 -9 -219 -189 -23 372 -520 -43
195 -1 -397 -544 -45 -225 -479 -459 -585 -203 274 -406 -121 -155 27 -445 -372 -409 -31 -24 -349 64 -276 575 -387 -391 -271 -211 -287 -140 -126 472 -256
473 320 -145 -188 -66 -330 -111 -366 -541 -59 -193 259 -327 -217 -34 -318 -543 -70 -424 -396 -369 -29 -173 -289 -576 -458 -172 -532 -31
26 -598 -550 -423 -305 -203 -472 -219 -54 -489 -553 303 -498 -469 82 -421 -476 -112 -207 -297 -584 -39 -65 -399 -577 -438 -252 -132 -440 583 -216 -599 -261
121 322 -394 -327 -256 -2 -145 -591 -88 -307 -74 -472 -532 -483 -210 -141 -181 236 -517 33 -167 -173 -521 287 -309 -190 530 -46 -535 -341 -202 -136 -31
300 -446 -457 274 239 -60 -204 -578 -115 431 -508 -286 -586 -526 569 -2 -390 -283 261 -484 -287 -572 319 75 582
489 -234 -144 -94 -429 -33 -201 -280 -425 -538 -552 -324 -340 68 -188 -497 -225 -348 -118 522 -530
87 -556 -105 -537 -317 -364 63 -448 -338 -320 -410 -100 -20 -426 -77 -257 -594 -172 -403 570 -281 54 452 114 -484 207 -238 -280 -42 -246 -479 -336 5 -266 -449 -534
478 -461 -557 -215 -354 -350 -109 264 262 -457 -28 -561 317 -481 -459 -484 -564 -70 -5 -222 -243 192 -380 -149 -29 -59 -530 40
37 -2 -119 -128 -10 464 -146 -573 -169 -322 -326 113 -489 -157 -112 304 132 -285 -234 -253 -309 -292 470 -255 -210 -384 -98 -408 -456 208 -496 -284 -287 43
77 -47 -418 -493 373 174 -481 -304 -369 -337 436 -180 -171 -512 -259 182 -463 347 -183 -278 -25 -251 28 157 -396 -442 -197 -262 -146 -97 -439 -333 324
149 -444 121 -262 -426 -438 239 69 -441 -216 -107 -555 229 105 -465 72 -110 573 -508 -208 305 -357 398
592 -524 -414 -243 -341 401 -536 -424 50 -554 -453 -361 -369 -277 -90 -140 -434 457 -231 111 -571 -458 41
166 -102 -310 -386 -373 -167 -281 540 139 -217 284 -168 -101 -311 -35 -555 -212 -277 -105 -225 -471 -440 557 -295 -451 -96 -95 -336 134 -59 -385 -536 -447 552 -413 -40 -195 393 -233 -512 -457
576 -490 -19 -229 41 -167 -124 -128 -78 -67 375 -34 -12 -262 334 437 -480 -300 -595 -25 -379 -9
477 335 -173 -416 165 -402 4 -64 283 -433 -436 -47 -176 -514 -597 -510 -107 -578 -311 205 -500 -529 -338 -317 -3 -347 272 517 310
174 -518 -384 -180 -538 -278 -454 -156 -127 -600 -55 -306 -541 -404 591 -128 -386 572 -343 -209 -580 -325 -418 9 573 433 -129 -475
376 -265 -256 -144 -209 -282 -530 -173 -255 156 -108 -274 -130 109 -217 161 -476 -294 -318 -401 -236 -381 120 -453 -478 -447 324 -133 230 -177 344 -511
72 -496 111 -459 -567 -130 -229 215 -265 -327 46 -289 -247 -120 -357 484 -220 -331 -248 -301 -477 -107 -196 -463 -581 96 -124 -512 133 -92
566 -287 -485 139 -376 -137 -229 -43 194 -355 -567 -51 -174 -291 -306 -191 -569 598 -572 290 -128 -584 -559 -495 -367 -10 -574
595 -450 -446 -331 -195 -230 -596 -226 -284 -171 -203 -191 -215 -304 582 -336 -166 -206 -264 -363 -548 456 -32 244 -587 14 -25 531 -46 -283 -430 -292 -57 -256 -511 -52 -131 -497 -537 556 -255
297 -347 -174 -469 -176 100 -351 -376 237 -257 32 -190 -300 -66 -294 -202 206 -253 -375 -201 -344 -592 -74 -346
25 -115 112 -445 -371 -552 -508 -117 -383 -443 285 -367 360 -190 -288 -26 -148 -217 -87 -319 -270 -328 -181 337 -600 -391 -499
22 -544 -510 -598 -34 -293 -515 -353 -145 -284 -251 -111 -327 -128 550 -92 -5 -532 -21 -377 -496 -175 -537 -1 -115 -121
85 -308 -197 -396 -254 360 98 -373 -333 -464 -442 -350 -289 -339 -496 -563 -418 600 507 -258 -491 -474 -307 -96 -27 -232
388 -580 89 -384 -68 -135 -35 -56 -506 -465 -285 -210 -586 -90 -522 -504 -88 147 104 241 494 -300 -600 296 -454 -332 370 -347 -340
410 -483 -91 201 276 -333 -323 -411 120 216 -275 -348 -538 -593 -413 -135 -29 -222 -99 574 -2 -25 -24 -326 -368 -226 -286 -482 -386 -330 -182
339 -544 -153 -173 -498 -56 286 8 -524 -507 -176 -128 -222 -224 -32 -438 -385 437 228 -250 -226 -444 -248 -511 -504 -515 -90 -70 -421 -362 555 -218 -346 -241
122 302 -81 -447 -462 -492 -26 -271 -57 -464 -277 -388 -309 -104 -591 371 -355 -129 -402 -160 -185 -222 -264 -398 114 225 -148 -548 -139 -416 -126 249
44 -333 71 -196 104 -94 -228 167 -166 -549 342 -528 -366 -570 -263 519 571 496 -600 -503 -287 370 14 -201 -572 304 208 -204 240 -429 -466 -560 -313
258 -359 -495 -18 -121 386 -277 -365 504 -152 -573 -268 -170 -73 -10 -438 -572 236 -56 -479 366 -564 -299 286 -172 -249 233 -178 -145 -475 -547 441 540 -451
393 160 -372 -164 -153 -43 -112 250 -439 -204 -265 -114 580 466 -472 -552 -390 -165 -529 352 437 -446 -572 -332 474 -485 -308 -458 -343 -416 323 -126 106 -595
288 -393 -427 -32 -271 -242 -146 -111 -410 -95 125 -493 459 -578 -235 -153 -173 -315 -15 -576 533 -379 -14 -83 -450
444 -351 69 587 -460 72 -214 -3 -547 -418 -394 -105 -165 -15 -289 -277 -600 -308 363 -177 -430 475 -172 -5 -279 -340 -157 14 -223 -66 -319
158 -560 -58 38 585 -554 -403 -254 -379 -576 -522 -400 -169 -117 -452 392 -517 -315 -402 -280 -134 -317
454 -409 -483 -491 -512 -424 -383 48 -228 -123 87 549 -179 -276 -506 -8 -297 144 113 -469 -419 177 -558 -519 -67 -510 -14 331 -166
360 -569 -284 21 -386 -68 -241 199 -554 -154 -330 -6 -204 -264 -270 -42 265 -53 220 -7 -19 -502 -142 -3 -272 -337 39 -464 -238 -245 351 -113 -390 -535 127 -471 34 -536
472 -489 -282 -272 430 -265 -19 -80 -403 -329 -372 -535 310 7 -65 404 -40 -58 582 -193 -81 -303 -551 -129 -359 170 -586 -273 317 374 481 -509 -270 137 212 -565 -562 -163 -119
212 -203 -492 468 -265 -211 -164 -49 362 -242 -184 512 -259 -303 -456 -540 -478 -268 -272 -50 -579 -22 -436 -567 -570 -484 569 -593 -266 -482
284 -320 -287 -431 -349 -281 -423 -528 -254 -126 -561 -173 213 -89 387 259 182 -410 -191 548 -161 -248 184 172 -266 -246 -415 -20 412 355 -92 -148 111
500 -372 -313 -417 -448 -38 45 -466 -125 -350 -343 -438 -163 -35 -576 -127 -213 -194 -445 -365 -154 593 -482 -422 -552 37 586 -271 -142 -596 -341 -68
514 208 -368 -156 -479 -214 -345 -260 276 -296 -585 522 134 -145 409 -534 -235 -589 556 -151 -372 -115 -206 -46 -233 -597
496 275 265 -221 208 -501 -336 -517 -164 74 -160 -214 -80 137 -156 -566 -472 -301 -508 -245 -218 -581 -315 134 -470 -190 210 -108 -174
122 3 -364 -11 -321 208 -582 -400 -295 -588 -145 -347 307 -126 -322 -90 -447 -439 -159 -320 -471 -569 -290 -49 -392 518 -371 74 -260 422 -175 380 -10
380 -322 391 -536 -265 -361 -355 -146 -403 -245 -590 -63 -509 129 -462 -248 -54 -433 -303 -17 -543 -26 -241 -409 -475 -400 -459 -254 -22 -272 -145 -10 -379 -262 55
