67 -10 35 -68 -96
81 -4 -24 -62 36 -67
47 -5
51 -100 -54 -2 -84
73 51 -80 76 68 -61
15 -23
68 30 -16 -97 -8
48 -59 -74 -43 -46 -40 -87 -47
81 -79
52 -82 -39 76 -97 -18 -72 94 15 -79
47 -6 -81 49 -87 -83
80 -5 -24 -38 -6 -58 -59 -27
73 -40 84 70 -9
9 -91 24 98 -64 -51 -33 -18
95 -59 97 -20 68 -2
87 -80 -73 -69
24 -96 -52
81 -21 -5 -22 -94 -100
63 -57 -9 -100 -4 -8 15 -68
35 -37 45 43 -28 -27 -5 -96 -49
5 -4 38 -37 -64
46 -28 45
60 -39 -90 -82
74 -50 -61
22 -78 -89 -49
86 -66 -38 41 -31
98 -41
64 -51 -17 -80 37
48 -6 71
71 -65 -3 -15 -82
27 -52 -45 35 -83
28 -57
76 65 -38 -53 27
21 45
56 -12
20 -33 -72 -100 -68 -48 -2
14 -43 -76 -86 -50 -89 87
97 -14 -61 23 -12 -99 -80
49 -54 -41 -83 36 -92 -19 -11
81 -49 -53 95
6 -32 -61 85 -29 -33 24
67 -58 -65 -19 -78
93 -98 -68 -11
50 75 -49 -65 -48 -71
49 -45 11 -78 30 -40
78 81 16 96 100 80 -35 -42 -43
20 -18 78 -47 38 -100 1 -90 -64 -70
90 -53
59 -4 -24 -27 -17
35 -61 36 -38 -76 -69
17 -3 -84 -51 -62
86 -51 -93 -19 -8
31 -57 -74 90 -100
83 -23 -84 1
84 77 -95
76 -65 -51 -46 -34 13 -35 -99 43
55 -78 -11
55 -62 -21 88 -41 -5
51 -94 -23 43
84 -14 -82 -80
63 -89 -88 -38 -28 -44 -33 -55
71 -88 1
97 -35 -92 59
99 -89 -48 -71 -40 -7
11 -98 -64 -46 -53
19 -72 100 -84 -68 -46
42 -76 83 -22 -8
30 -70 94 56 -84 -16
9 -22 -60 -56 -52
1 -28 -98 -50 -81 -31 25 -40 61
98 -33 -19 -15 6 -12 -54
48 -80 -42 -87
35 -54 -75 -64 -22 90 -95
93 -17 -82 47
10 -56 -9 67 -40 -79
74 -71 47 -42 -67 73 -40 25 -94 -39
7 -73 58 -94 -93 66
97 -27 25 -80 2
78 -51 -45 -5 -75
12
15 -87 -93 -47 10 -51
9 -67 -95 -26
1 43 -64 -63 -76 -51
19 3 82 -92 -20
1 -72 -61 -66
56 -28 -34 -30
81 8 -14 -73 -10 -22 -16
38 -71 -100
6 -88
27 -19 89 -78 -79
36 -4 -56 80
65 -68 -84 -9
18 29 -11 -8 -43
52 -93 -34 27 -96 -85 -47 -63
37 18 95 -43
44 -64 -6 -62 -57 -93 -49
97 -66 -37 -81 68 73 56 -52
22 -100 -50 94 -84
48 -61 -27 17
6 -57
