70 -83 -47 -85 -54 -62
4 -36 -15 78
30 51 -84
21 -2 -49 -19 -91
20 -12 -18 -58 -79 3 -21
12 -89 -29 -96 -71 -100 -11 -41
64 -77
67 -7 -52 -93 -87 -19
75 69 -92 -13 -82 -14 -19
75 -87 -1 -81
39 45 -43 -65 -57 -93
80 -35 -38 -71
56
38 -37 -60 87
81 -71 -10 30 -6 -19
68 -87 46 -7
28 99 -49 -74 -51
10 -95 -14 -93 -47
66 -84 -42 90 -52 -39 -71
47 -84 -15 -36
18 -58 -34
73 -18 -98 -25 -67 -87 -69
54 -6 38 -59
17 12 14 -49 -41 -2
76 70 -78
82
31 -94 -12 -90 -20 -99 49 -33 -78
22 -86 -70 -20 32 -61
93 -41
45 -86 -7 -68
53 26 -70
41
36 -61 -71 -41 -14
94 56 -86
1 -73 50 31 63 56 -46 -20
91 -50 -2 -39
97 -20 -95 -28 21
26 -33 50 -88 12 47 -21 -61
10 -23 -76
70 -76 -13 -8 -75 -64 -45
39 -26 -27 -58
76 -46 -72 -67
83 56 20 -37 -59 -46 -8 -95 93
61 -96
22 -45 -20 -34 79 -31
8 -56 -65 -22 66
8 -94 -11 -3 -76 -74 81 -47
29 -72 -8 -64 -44 -99 -36
96 -45 -39 -25 -20 -11 -44 -40
70 -98 -44 -24 -37
79 -28 -83 -59 -56 81 -51 5 -52 -14 -4
17 -10 -31 -69 -94 -97
65 -40 -33 48
4 -73 -71 39
57 58 -61
69 -68 -91 75 -97 -35 86
96 -19 -100 -53 -32
12 -77 -42
49 -12 -63 -8 -15
69 -23
24 -41 70 99 -5 -50 -38 85
58 -2 96 -51
83 -19 -61 -94
96 73 -47 -28 -21 -83 -14 -65
92 -42 -56 -30 -33 -44
97 -77 85 -26
75 -42 82 -1 76 2
66 -7 -1 -15 -43 -97 -92 -19 -36 5
16 50
68 47 -13
62 -64 88 -44 -29 -76 -30
10 -36 -66 -85
87 16 77 -97 13 -76 -5
24 -76 53 -8
79 -73 -44
37 -10 56 -50 -33 67 5 -83
55
47 -79 -42 -90 -45 -57 -46 -25
10 -90 -75 9
28 -60 -12 16 -46 91 -5 -72 -38 -78
40 -9 -2 -18 -97 -46 11 -87 -70
30 -60 -84 -10 -74 -23
54 -39 -11 -31 -67
92 -54 -55 -13 -98 -4 -68 66 -60 -51
94 -41
26 -37 52
8 -11 -81 -16 -37 -72
58 89 -61 -62
64 -25 -61 -37 -90
73 -47 23 53 -48
14
63 -39 -84
52 43 -96 -94 -74 -81 -77
98 -10 -68 -18 -76 -77 -59
95 -15 -82 55 73 -40
46 -20 -17 -1 -94
7 -97 -78 -15 -38 -10 -63
65 -70 -71 -14 -27 -43
56 -64 -38
4 -88 98 -19 -36 53 -46 -18 -47 -66
