30 100 -18 68 14 15 39 87 92 -99 83 27 49 -71 24 -64 -16 10 86 -97 45 19 78
69 67 61 55 51 66 62 -97 29 34 13 3 80 17 21 -90 -88 -10 14 47 39 26 60 83 89 93
2 -42 -100 -38 4 45 53 67 44 30 -10 -82 -14 -34 40 97 39 -18 27 20 16 -63 73
92 93 66 71 69 11 -82 -70 13 35 5 -53 42 9 -37 91 41 54 79
71 65 49 10 -2 -36 16 24 70 35 21 -31 1 19 -60 82 75 95 63 26 17 20 80 -94 78
37 70 93 28 6 -54 29 72 -39 92 53 -84 36
43 74 95 68 94 65 29 -11 96 90
64 7 92 58 8 -2 -53 35 97 -74 -86 48 12
17 62 5 14 65 29 18 57 59 30 99 -54 79 -90 89 81 66 8 24 92 21 10 77 -48
16 27 100 46 3 61 44 72 -69 52 56 82 85 64 23 93 25 10 81 20
88 79 60 66 37 -44 -86 48 -54 -24 12 26 92 -18 52 -41 -64 19
20 69 49 77 60 80 91 40 42 47 17 74 26 50 -58 87 39 75
40 39 5 19 13 71 2 65 48 8 41 83 32 45 95
98 83 42 41 22 73 85 68 9 31 -44 65 50 77 28 36 34 67
90 -9 17 -21 64 8 60 -1 76 56 16 82 45 -77 100 37 6 -95 -70 81 79 87 89 5 52 75 43 41
99 -5 17 84 44 85 -59 71 46 63 10 92 -56
64 32 98 -28 -7 -96 69 35 49 34 13 75 61 22 59 67 100 83 -14 6 54 37 89 31 4 -2
66 88 25 7 -97 51 56 24 11 64 72 13 21 10 73 -5 55 71 45 81 -17 16
77 59 28 20 23 41 94 30 -81 -55 71 11 84 -99 64 -90 100 21 95 26 -14 86
50 22 47 46 -84 62 28 31 17 -26 6 29 58 89 45 61 -35 -51 97 -67 2 -96 -13 -80 79 -73 16
62 85 56 35 52 9 14 40 2 38 -90 5 44 84 94 21
14 10 42 3 33 50 71 -46 47 5 49 26 4 -1 11 66 40 80 54 65 36
42 93 94 20 60 41 81 49 70
35 98 6 42 74 22 38 75 89 78 18 68 4 87 92 93 31
82 52 65 4 8 -99 -81 12 -2 35 64 -44 14 94 90 -91 95 31 53 33 48 58
53 -37 -10 32 1 68 22 40 76 62 82 -90 16 77 55 -9 83 -7 74 47
49 -99 31 83 73 13 -7 36 28 30 52 42 -39 86 8 24
46 61 96 10 50 -38 41 57 -71 70 64 21 -20 51 12 24 28 75 33
16 24 25 92 80 71 90 -41 44 51 69 10 78 31 87 55 3 64 -12 94 79 93 84 5
73 -18 56 100 65 -34 46 44 17 72 70 -98 -50 -5 96 -66 82 64 55 -35 -49 32
9 -59 65 80 6 -8 28 68 52 98 22 88 11 39 -99 40 27 62 -13 17 -1
63 16 88 28 31 91 70 15 22 -52 47 75 71 25
52 85 21 34 -90 10 -87 83 33 58 67 43 99 8 97 20 12 86 16 41 100 -81 -9
82 90 -71 6 84 -55 66 -14 8 97 79 19 63 25
95 88 83 8 -25 -20 30 10 43 63 3 76 -94 -66 -15 59 80 -53
74 16 13 -79 1 44 33 47 98 82 18 71 8 27 -37 83 -77 65 97 -90 62 -11 9 92 4 -30
97 80 35 -89 24 53 -42 88 83 48 92 51 31 2 13 56 81 87 82 75 7
17 -82 44 -68 80 40 81 22 100 -73 -93 20 57 52 13 2 29 83 1 -23 -9 -7 69 32 53 54 64 55 38 11 4 -62 28 41
66 -91 -41 49 86 73 -40 -46 59 53 60 36 26 56 13 48 -5 97
3 67 -47 79 99 68 59 72 41 6 95 46 97 85 8 -7 43 -98 -54 28 33 23 31 15 -69 -24 39 44
69 8 14 -10 18 -7 16 82 -9 79 61 62 88 87 95 48 39 49 60 22 -43 28
72 95 -29 74 -27 62 67 52 94 -15 78 45 93 90 63 76 55 -91 97
39 79 -5 94 38 84 9 26 80 46 89 -74
15 51 -55 40 62 71 -20 57 81 11 39 10 7 58 79 87 73 74 56 14 -32 28
84 59 -2 54 -60 68 -92 64 -13 34 65 -46 -71 44 -18 52 21 79 12
80 -49 27 32 47 72 -77 63 -91 85 -24 94 67 -15
55 39 28 71 97 74 48 67 77 46 -56 52 82 75 -50 14
64 7 43 28 17 -57 41 47 -38 1 95 -50 13 81 32 80 88 40 -84 63 55 42 36 19
26 90 56 17 46 -75 19 35 58 27 8 16 -20 22 73 -4 29 80 85 33 51
58 35 64 -83 94 -2 -74 -11 41 36 -95 66 63
22 26 49 -87 65 -20 57 10 31 -71 95 -90 3 19 -27 59 1 36
56 -94 -76 -90 52 -8 50 1 -30 -96 22 64 7
38 -59 68 -87 32 24 39 3 -60 20 64 30 92 23 -31 7
26 16 76 87 97 41 40 17 62 48 64 56 -22 54 45 99
89 -72 60 -56 -23 93 46 -11 91 14 8 -21
92 16 -24 76 3 35 31 87 43 9 -66 17 77 19
9 -34 1 40 13 10 76 -59 61 35 57 58 94 97 37 -18 2 11 81 68 15 -12 52 -90 39 85 100
88 3 13 31 36 24 37 28 92 -83 97 53 47 -67 80 98 -19 14
10 25 24 2 76 35 99 84 20 27 72 -81 83 29 30 38
42 -1 13 -87 6 78 35 2 5 58 77 34 61 89 18 74 37 32
47 73 58 84 100 65 -34 35 51 39 74 27 -16 9 25 24
86 45 52 82 62 66 -6 -88 22 41 53 28 -92 -55 47 98 24 36 100 43 -39 -2 93 23 50 37 17 4
56 81 30 54 62 -23 58 84 52 -16 19 -45 1 22 8 100 96 -9 -80
13 9 -25 72 51 54 34 70 32 -8 12 53 97 49 67 84 -18 48 37 3
67 -42 23 18 -6 10 60 28 31 66 29 47 25 69 2 -99
80 82 54 35 48 34 97 1 41 15 13 47 39 52 11 -19 53
6 54 27 -26 83 91 44 100 52 -9 34 7 71 40 82 -74 94 42 29
58 -31 50 20 64 83 95 -40 24 39 43 37 7 -29 60 47 80
32 -40 97 55 58 81 10 89 29 68 -44 -45 74 82 -57 42 52 20
39 -42 1 77 45 47 38 96 20 60 46 16 -82 18 56 -76 33 30 69
40 -80 82 100 -72 12 26 9 8 -18 93 73 -98 -81 30 76 94
72 81 11 3 70 27 61 -83 37 74 47 98 85 58 67 19 50 57 87 54 8 35 23 42 -95 13 93
14 -6 -68 19 -79 71 35 -55 94 9 80 -12 60 51 25
34 -83 -25 64 43 30 14 45 55 23 -71 60 98 32 -79 54 95 96 97
28 32 -30 44 59 78 21 68 -63 -38 77 34 36 86 -93 18 48 56 55 65 72
62 -73 82 60 80 53 -39 95 -56 52 78 19 64 49 -23 51 33 15
56 33 87 70 74 22 1 15 17 37 49 60 11 -27 -54 90 8 73 80 3
11 60 82 17 40 99 -97 91 -18 50 10 2 -13 83 27 -77 7 78 35 -24 22 93 -44 -43 -34
7 -59 -98 21 68 92 26 -23 -29 -61 54 14 62 57 66 84 17 -97 -13 6
2 -42 24 98 -45 76 62 17 90 -19 1 -22 -99 29 -39 67 -38 3 44 26 95 -28
55 37 73 32 24 -18 51 -80 28 7 -42 17 81 -71 97 34 72
82 73 88 79 -6 51 11 12 64 18 81 3 -53 59
80 -25 73 31 3 43 -91 16 -22 55 72 92 15 35 93 14 19 -83
1 24 27 35 67 17 8 -53 -99 25 47 86 71 75 15 100 97 59 45
10 40 12 -30 19 98 -58 75 -84 91 -70 76 77 -37 85 17 60 80 -34 57 16
65 45 27 20 -35 54 52 24 16 47 -46 87 22 73 -76 89 13 -43 96 39 3 -95
100 28 11 64 10 8 82 54 67 71 15 -31 91 62 26 90 18 -20 -43
48 94 18 69 90 61 -62 56 -31 75 64 15 71 13 4 -80 19 25 34 -100 -30 97 92
7 26 9 89 22 68 57 36 30 31 67 18 24 -82 6 69 100 50 -17 -70 -66 87 63 23
62 57 6 46 16 19 97 95 -17 78 88 -7 87 20 64 43 77 85 22 47 -29
64 -94 83 -30 70 49 -57 75 42 43 76 97 71 39 77 -93 16 55 22 29 74 91 18 89
44 14 92 84 97 69 1 -59 73 22 15 36 37 -66 68 29 72 80 -12 10 28 -34
70 42 16 15 73 63 -43 62 47 54 -36 74 69 -50 -45 87 -5
12 43 39 51 -93 73 71 -33 65 94 41 -9 53 90 31 88 61 72 85 91 80 -55 49
29 69 56 58 -86 2 -6 32 49 -41 67 40 -9 18 -35 100 97 7 60 71 68 45 -24 43
79 66 72 59 20 -100 45 78 92 93 42 18 53 -7 26 80 31
33 30 100 -44 52 -90 -61 36 40 87 24 -39 56 14 17 43
72 87 -58 70 -53 -17 66 14 90 8 32 10 7 1 43 5 77 -2 -93 37 -56
23 -1 24 79 -18 99 7 -35 -83 -32 45 21 19 76 -47 91 3 90 33
27 84 42 17 91 94 -70 -19 85 43 22 96 38 47 28 56 69 79 77
