84 26 5 -31 38 77 92 98 51 66 36 80 63 22 99 60 70 48 15 52 57
25 8 65 60 -38 98 95 17 37 50 78 62 -80 -13 45 57 59 21 -3 -20 -5
56 2 40 64 83 35 -99 53 86 51 -10 58 80 22 82 72 77 -29
62 49 38 24 25 17 -88 3 22 36
9 -43 -39 93 15 -18 60 4 29 30 21 98 16 13 22
34 -95 73 -24 67 15 -65 89 6 31 82 40 17 90 62 60 79 20
68 99 52 81 90 79 -67 44 -27 37 53 18 48 89 -8 40 17 26 96 41 38 98 78 -95
40 41 -9 35 33 13 -84 -71 8 63 49 -87 77 15 72 -34 98 36 52 25 31 -27 64 55
41 -38 4 33 73 -95 -63 -14 43 21 36 67 94 61 15 26 71 89 -56 31 57 64
16 -57 22 65 26 1 41 -28 85 29 3 69 18 2 -9 51 87 -10 59 78 33 35 44 92 98 5
57 66 78 77 72 55 50 18 36 87 19 -82 -4 7 44 38 22 31
29 11 28 45 25 73 8 82 64 85 33 71 -92 -57 94
66 -20 79 64 58 2 60 86 -45 -4 39 -17 38 13 72 -37 78 -36 88 57 27 31 48 -18
58 -47 -3 17 34 9 -73 79 1 -98 -92 44 -74 25 21 2 97 -19 83 55 22 41
40 66 93 -35 57 1 76 77 -32 44 92 87 84 42 46 -88 83
93 61 91 5 3 -85 54 -20 -18 63 33 -29 -10 26 90 32 15 70 83 56 1 36 49 -86 -41
20 84 16 30 -18 -9 31 12 89 -97 81 2 -49 54 -15 79 100 -80 5 90 48 77 56 85 38 78 62 98
64 -95 87 89 57 -24 88 81 41 36 30 -3 1 9 78 91 75 65 71 -45 82 70 96 99 60 11
90 72 1 -66 -48 100 63 51 -73 85 56 99 80 11 49 34 83 58 5 88 13 -76
49 68 90 19 96 44 53 38 -87 -35 -70 33 59 51 -23 -69 86 5 12 28 -10 3
75 99 28 19 9 15 -5 -33 -2 55 -21 18 79 45
78 20 24 77 91 14 54 -52 38 17 63 32 -41 83 -51 90 62 -92 -100 80 31 26 89 49 86
19 -53 65 -40 -72 55 38 74 10 -76 89 63 62 99 79
53 -84 80 62 89 56 -95 28 37 58 59 11 46 27 -1 81 -5 86 29 -61 9 40 78 99 97 68 18
61 18 -83 35 59 34 32 29 65 -88 74 64 84 73 10
79 49 43 -96 19 2 80 -87 54 39 11 89 67 22 5 71 12 51 20
46 51 31 -10 42 -61 -77 1 36 3 59 72 86 -84 78 -49 67 100
19 -48 -17 -87 44 32 6 62 28 -58 100 40 81 75 -20 65 92 41 31 14 38 80 27 47
20 6 38 92 2 42 49 -91 79 95 -59 65 9 90 68 67 7 80 -69
27 70 36 35 53 -63 -71 59 85 97 -19 75 89 74 88 1 -91 52 -3 9
27 20 83 68 -53 88 32 40 29 96 17 65 25 87 24 5 14 51 94 37 56 58 89
64 75 44 26 69 17 81 -53 46 99 30 74 48 60 -13 95 38 -98
22 76 28 40 49 25 -94 70 36 33 97 99 77
67 66 -17 33 -30 88 -64 85 14 -81 -60 92 -61 78 57 -45 3 -2 75 74
57 59 73 -21 99 84 -20 86 60 30 25 -8 24 61 -5 -17 95 72 37 50 49 83 56 -78 66 -4
58 93 62 89 6 50 97 5 -75 39 -14 22 48 27 92 51
17 85 15 58 6 77 92 -64 98 -60 4 -81 26 36 72 -57 68 -62 11
21 100 -3 -38 -24 -80 75 59 -28 43 -53 -70 -48
66 70 3 80 43 -41 53 12 -57 -40 2 44 27 -97 62 13 31 6 68 -91 94 61 1 76 86 47
71 13 -38 31 69 -68 3 -44 54 95 39 21 57 97 85 26 -22 48 -78 -12 67
13 4 48 54 15 39 50 14 95 19 -66 28 -33 23 40 62 29 38 94 -11
72 -96 4 -24 14 22 27 23 93 -3 100 37 65 12 60 81 -67 91 48 69 -80 70
94 15 41 7 83 35 68 -74 -87 33 98 40 95 48 -56 -100 -93 62 78 86 91 -90 -97
36 -80 -40 14 -3 11 -45 75 30 92 38 78 29 25 21 -67 10 16 -69 -97
62 -95 96 42 93 18 69 15 3 54 84 63 20 99 70 13 80 1 74 -86
39 -55 10 47 16 30 40 28 22 43 -90 20 49 86 45 70
61 66 -20 -32 93 84 -22 -36 65 62 90 -2 72 26 100 58 12 86 -70 46 40 48 -99 -68
9 -37 75 -54 39 64 11 66 25 88 13 8 47 41
27 46 17 76 51 -12 -1 91 95 -77 39 22 -64 -23 -94 5 41 -30
20 28 93 68 47 22 14 78 -72 48 -89 -12 30 52 62
64 44 2 73 29 76 82 81 28 94 37 20 61 49 -18
69 -38 -97 -33 66 27 47 15 -63 -52 11 -57 62 -32 25 21 31 42 86 67 45 76 10
25 26 -4 66 39 38 6 -76 8 37 3 84 -58 -35 62 64 96 82 94 98
45 86 11 63 -64 74 17 6 77 -9 4 -22 87 67 -40 79 54 72 66 38 93
26 81 73 30 69 47 -94 -91 44 48 -62 75 18 83 -42 19 74 2 38 29 34
16 18 88 21 70 37 55 97 44 76 49 -75 15 -100 54 95 77 98 10 52 30 -47 63 -39
90 48 91 89 69 51 28 -72 -57 9 85 44 38 79
72 69 8 -57 49 20 -85 -12 63 95 44 -60 61 68 33 50 25 -98
84 39 92 57 75 51 -35 -31 82 -17 9 16 79 45 96 19 -40 53
68 39 5 15 74 2 -95 76 -70 12 55 53 -77 23 45 -65 73 78 41 11 85
57 41 -72 88 -79 60 94 2 17 28 10 97 20
20 -9 63 79 31 21 54 -26 87 -36 76 -42 38 41 -80 -90 44 93 62 2 88
50 48 -16 46 34 89 -35 -3 32 42 75 5 93
53 1 -25 18 52 29 90 74 30 19 48 91 82 50 11 76 10 15 87 54 -8 -88 -28 68 45 38 -17
22 61 -31 -13 86 5 94 45 30 9 -75 7 25 14 -51 36
9 -35 34 79 92 89 4 56 65 30 98 11 -50 96 39 62 2 22 18
72 87 -46 42 40 64 95 80 65 84 89 2 3 -58 20 33 14 47 17
79 40 57 45 38 95 24 73 69 92 7 53 14 75 31 26 89 1
17 2 -4 -29 -65 88 93 40 -89 41 -10 70 38 -92 95 -12 100
5 72 28 15 89 100 64 93 98 4 6 91 30 -32 85 77 23
73 34 84 32 44 16 51 28 13 81 -45 67 22 91 -74 -4 19 18 47 36 88 87 -29 -95 94 5 1
75 81 46 30 55 -72 -59 -92 64 10 42 -98 -6 18 96 94 40 71 83
83 20 14 93 71 27 18 -77 86 -61 81 38 3 49 76 82 -92 -39 94 30 -44
8 -24 50 47 60 -61 42 69 67 36 -43 72 26 77 91 93 44 12 7
28 32 88 84 49 37 85 91 24 17 47 -15 12 5
86 -35 99 42 15 54 59 71 -91 52 70 56 26 -57 80 85
85 -70 -9 12 100 47 14 36 60 91 56 -98 -26 19 15 46 -75 78 90
75 42 78 1 -24 90 29 96 5 -60 76
43 -74 4 99 -9 40 29 82 20 100 11 -36 44 34 15 96 45 73 41
31 -73 -94 92 71 12 48 5 38 -83 -35 -88 2 -58 46 77 63 68 49 43 96 -20 29 85 37 66 76 81 22
48 72 33 -59 38 69 -25 19 18 63 71 44 10 23 81 82 15 -57 37 9
37 30 34 89 4 -10 41 38 76 62 15 -5 87 36 66 69 47 71 26 78 70 3 25 67 82
38 99 -78 1 74 -37 59 -26 91 36 68 2 35 -50 14 83 -72 33 17 58 13 67 27
16 21 61 29 85 92 -63 79 43 34 20 6 19 -64 -45 59 48 100
85 -10 57 16 -46 40 -90 72 21 49 94 100 33 14
84 -62 27 11 1 33 19 -75 8 39 -95
12 97 29 60 72 89 51 33 54 -41 86 -15 -53 44 37 1 -98 56 -93 77 24 90
94 62 -58 90 11 48 32 35 18 82 -37 41 2 31
86 -17 43 9 -55 -37 89 24 -60 20 -69 15 -2 -91
42 77 57 33 97 19 99 88 26 51 -29 34 -9 36 -80 7 15 98 87 94 2 21 25 52 49
94 -46 100 67 -42 -99 83 32 39 -12 -87 -4 25 91 78 85 55
45 9 6 -62 16 92 56 11 88 -53 29 96 83 -58 -24 36 8 4 -37 1 79
29 42 62 55 71 98 94 91 78 -2 72 24 6 83 4 10 96 75 23 -38
19 21 -29 35 67 23 -25 46 94 91 42 57 43 73 100 50 71 52 5 -88 7
13 41 90 86 19 15 -80 50 25 7 -68 42 35 72 74 40 76 -48 51 -5
7 52 -86 -74 30 20 63 17 28 100 70
37 57 42 40 1 34 -39 -58 79 64 -18 20 54 -3 88 66 95 74 69 81 -47 92 36 84 33 78 8 90 2 91
74 36 24 17 80 72 79 -40 -58 71 30 85 62 31 14
80 31 78 65 19 59 54 16 9 40 84 1 33 27 99 25
67 -17 -87 57 63 62 10 38 33 97 30 96 19 89 84 71 15 -88 1 61 95 3
