139 -146 -104 101 -152 -79 -251 -130 -295 -61 -136 74 -229 -120 -22 -241 -300 -128 -99 -216 10 -53 92 -175 -170 206 283 -51 -13 -62 -252 -55 195 -262 -59 -115 -197 -274 -244 -23 -217 148 -201 273 -125 230 277 297 -83 -233 -35 -52 -113 -67 290 26 -261 -76 -160 -149 -4 -46 -12
21 -94 90 -176 -173 -240 237 -206 53 -54 33 -204 -293 -49 -188 158 -205 -196 -13 -252 -64 -40 -110 -14 -180 -92 -165 -249 -68 -135 -299 -34 -266 -100 -67 -46 233 -75 -17 -300 -76 -226 -88 -277 -26 -35 128 -265 295 251 -229 -214 -69 15 -279 -195 -297 201 -245 -207 42 140 -4 199 -208 -255 262 163 -167 -29
34 141 -204 -69 125 -292 -91 54 -33 -198 -295 -208 -109 -195 -130 156 -24 232 -61 -134 -131 -65 -207 -115 -100 27 13 -186 -76 -92 -36 -5 174 -53 -146 -255 -72 -279 264 286 143 -28 -136 202 -179 271 -205 -140 -201 -129 -218 149 -101 -297 -282 -63 32 -17 -135 -81 -261 145 -278 -127 -26 114 -35 -29 -230 -164 89 -37 -268
282 -119 -151 -239 -122 -238 -250 -44 -56 -7 -150 -185 -17 -13 -60 -115 -241 -107 -117 -169 -202 295 -167 -146 -209 116 -49 -172 -71 54 -178 -165 -90 -62 106 -254 -147 57 -221 -16 -278 46 -170 -193 -192 240 -197 -158 -244 -275 -206 -14 -227 -235 -81 -191 -222 127 179 -129 -36 -104 -41 -105 -219 -5 -233 -22
111 173 -65 -24 -80 -221 -73 142 -110 -26 133 207 -60 -136 -30 29 -282 -285 -85 -127 -175 -264 -246 -283 -274 -140 -195 -55 -257 211 184 -66 -299 -53 79 -44 17 99 -294 -152 -176 -266 -191 224 -159 -86 260 -96 -202 143 -199 -135 -186 -71 -32 -204 -255 -196 -50 183 -134 -179 -112 -104 -248 -21 -35 -63 -188 -170 -262 -58 200 -125 -145
92 295 117 -17 -79 -108 -172 -56 -44 -119 -51 -218 177 -15 -249 -105 -115 -46 16 -26 99 297 -104 219 144 153 -96 -32 -59 75 -35 -25 -137 -11 -37 -245 -61 -180 -109 -276 -131 -78 -122 -97 257 -277 -102 -223 27 224 139 -149 -200 -264 -190 -82 -175 -94 134 -2 -33 232 -41 -1 125
156 -201 -250 -177 -128 -286 -28 -127 -35 -230 90 -42 -145 263 -34 -199 -147 -280 -47 -148 -283 270 -228 -277 -252 -75 -33 -211 82 -297 -289 -223 -101 -238 -64 -107 -37 -140 38 -98 -96 95 -83 -119 -246 -52 -5
283 -282 -273 -72 -141 -201 -106 -87 -189 -68 -275 -235 -162 261 149 -207 168 -6 -232 -276 -171 -204 -50 101 -113 -248 213 -265 -26 -241 -121 -9 -117 -147 -122 -85 -195 -104 256 -250 -115 -216 -146 -295 -74 -206 123 48 -136 268 -32 -154 -66 231 -132 -81 -284 -44 -291 -159 -119 -31
101 -128 -40 -2 -291 135 -87 196 52 -266 246 -237 -131 -140 -148 81 -186 -16 71 -8 -275 -288 -24 -20 -100 138 -150 90 -178 -68 -6 -34 -234 -64 -293 -83 -228 -276 -5 -273 -19 -188 -144 99 -26 277 -195 -256 -292 -147
44 -225 -205 -253 -36 -50 -140 -40 189 -11 -262 -196 -211 -94 -233 -164 181 -154 -264 -60 -111 -27 -274 -170 -194 -7 -235 -87 -214 -220 -206 198 -166 -61 -68 260 -20 -257 271 -182 -69 139 -57 -161 -2 -263 -30 155 -93 223 -238 -185 229 -243 -10 -22 -275 149 98 -160 248 -122 -115 -249 -71
102 -100 -32 86 -178 -133 -153 -270 61 -194 63 -79 -128 -191 -261 -190 -253 -147 237 -67 -93 -213 282 -168 -58 27 -109 -255 293 -85 -49 119 -283 -171 -148 9 -143 -5 -8 -64 -291 -182 -77 39 -59 -274 -264 -224 -271 88 -66 -300 -199 -183 -262 17 -205 60
220 -218 -244 -26 8 -195 21 -282 -212 13 -273 -97 5 -111 233 -159 -110 -99 -259 -151 -88 -193 -221 -153 299 -173 -94 24 -271 -253 -66 -45 -196 -19 -103 61 -174 -95 -15 270 127 -250 -64 -147 -281 -239 158 272 -194 -42 -265 -243 -234 251 -107 -290 -261 256 -180 -179 162 -232 -255 -70 122 -84 -2
38 33 -259 -292 -261 -210 -73 -194 188 -223 -218 -91 -274 -16 -27 -144 213 166 -186 270 -114 -13 -31 289 -113 -225 58 -235 146 -165 -111 -88 -209 -199 -118 -45 -109 -231 -221 -143 128 -22 -258 -228 102 -49 -203 -246 -145 -51 -15
60 -193 125 -286 -162 -221 -180 -270 55 -10 -99 -91 -269 122 -129 -145 -77 -127 -210 73 206 229 -4 -167 178 3 -158 -295 -191 -41 -86 -168 -18 -175 -223 -11 54 -220 6 -17 59 -135 146 -276 -173 -289 151 -25 -33 -235 -103 -272 -275 -143 195 7 -147 -258 -112 -13 237 199 -42 -200
120 -297 -86 -44 -237 -145 -122 -25 -128 -75 -254 -162 -212 -11 -54 -189 -42 -125 -204 -183 -262 272 -191 -78 140 -9 -259 4 2 -21 -148 -208 -18 -235 100 -92 -16 -253 -63 -37 -70 -117 -228 -50 -195 -82 187 -73 -215 -58 -87 -103 -218 176 -28 250 -57 116 243 68 -104 -48 85 -27 -123 -83 -280 194 -134 -281
18 -89 -15 -115 -179 32 -80 -160 -231 -230 -40 -239 -98 -148 209 -92 -136 -261 -297 -236 -102 -173 -99 295 -150 -293 -192 -131 -71 -254 246 201 129 -184 -94 -180 122 -137 -221 -124 -107 251 -140 -114 93 -58 88 -33 -64 43 -55 -267 -66 -245 -199 -172 -240 -161 -110 -91 -50 -27 -208 -155 -79 -287 -60
16 139 -75 -255 -188 -221 -15 217 -7 -223 242 -291 237 -192 -60 -12 -56 260 -27 -211 -6 -290 -155 -189 -3 99 -157 -118 -21 -45 -95 -281 205 -111 -284 -62 168 -147 -164 -271 170 -102 -128 -140 -261 -184 -90 -40 -289 -8 -212 -106 -196 -214 36 -122 -274 -249 66 -208 -51 -247
69 -152 60 -90 -186 259 -215 -78 -13 -106 -155 -275 168 92 -146 -122 -57 -191 -49 190 -228 -108 -52 -243 -256 -94 -86 -147 -53 -97 -265 132 -253 -119 -17 -15 8 -76 172 -225 -242 -273 -142 -65 -116 -120 -103
252 178 209 66 -118 -192 5 -64 -105 -133 -56 -265 -206 241 -8 -62 212 250 275 -295 -248 -77 -89 193 -211 -42 -41 232 -273 -266 -271 15 -264 -108 -180 -294 -107 -25 -198 163 78 -93 -137 -208 -149 109 -69 -260 242 13 112 -160 -37 -81 -50
80 -139 -11 -74 -104 63 -207 -171 -17 -1 262 -127 -167 -280 57 -48 -142 -216 -18 249 -60 -174 -37 -132 -88 151 177 -245 -100 -78 -49 -26 240 -30 210 -180 -73 -150 -198 -206 89 -270 -164 -267 -6 -45 -121 293 -298 -254 -238 200 -140 119 -97 -227 -135 -272 -289 -215 -111 -154 -252 -103
274 -37 -113 -110 -165 127 216 -185 -123 -198 -70 8 -271 -210 -15 -47 -277 -84 -196 -14 -42 -151 -232 -91 -66 -108 -126 -80 -71 -26 -173 -264 -161 -243 -200 62 -90 -261 -5 259 -117 -265 -153 69 262 -96 -256 285 -28 209 -283 -134 -118 -231 61 -33 -46 -213 -124
202 -2 -131 -144 -180 -242 -206 22 -267 -243 -99 -276 196 -3 -155 110 -34 -118 -251 -176 -157 -57 -274 -246 -289 -188 -171 -233 -137 -193 -281 -39 -65 -253 -149 -129 -61 -97 75 -46 -145 -195 -221 -70 -42 -89 -11 -232 156 -161 -151 -78 260 134 -237 261 -123
3 249 -178 -23 -246 53 -86 -9 -103 -296 288 -228 -265 215 -299 165 -62 -130 -251 -293 -43 -87 218 -85 295 -157 -197 -278 -10 -11 -260 -21 96 -59 -151 -88 -122 -162 -180 -92 -154 -25 -267 -136 -163 -273 -185 -256 -183 -118 -58 -15 -28 -198 -226 166 194 239 -164 279 -84 -291 -261 -223 -241 98 -173 -81 19 -105 -200 -300 -127 147
22 -248 -230 177 -174 144 -204 -34 215 -126 192 -183 -31 -116 60 -2 89 -240 -55 -29 -14 -140 -40 114 95 -282 109 223 -181 -137 259 -226 -11 -159 -52 -210 -273 -274 -111 -57 -285 -262 -97 20 -284 245 127 -123 -37 -264 -242 -85 -24 197 -39 -229 -81 -139 -198
196 -90 -80 -247 -208 -36 -281 -195 -75 -114 -163 -178 271 246 -19 -97 -134 -287 -79 -117 -275 -139 -242 -300 213 -289 -198 -48 -107 -164 -230 -233 -154 -283 -9 -191 -226 -115 -21 91 288 -32 -209 -124 -182
186 -151 -180 -192 -156 -100 -183 -246 -119 -290 -162 -257 -90 137 -164 -28 94 -230 -24 -129 -49 -87 -202 -101 -148 -199 -71 -228 -88 114 282 -54 134 -112 263 -7 -34 -254 105 -272 -194 -226 -26 66 -52 -78 177 107 -3 -93 -224 248 -243 289 -255 -163 123 -122 -210 -8 -92
97 -294 -85 -246 -215 -157 -206 -278 290 78 -105 -60 -169 -243 -18 -22 228 -19 -26 -135 -55 175 236 45 -191 -282 -151 -12 139 -145 -216 -149 -190 -289 -94 -297 226 -34 -220 -57 -172 -252 67 -44 -264 119 -39 -288 69 24 143 52 -76 -116 -118 -271 -103 -161 -147 -21 -141 -14
219 -23 -22 -73 -294 -239 -57 -160 -181 -72 -61 -232 -141 -184 -172 -148 -274 -26 -90 -119 -122 -270 -83 -74 -247 275 -175 -271 -242 -223 -264 -37 -230 135 169 -146 -93 -236 -256 -143 33 -137 -200 -28 -263 -102 -53 -25 -34 -178 234 -252 115 -206 -238 -68 -117 -94 -191 -32
20 218 -227 -63 -141 -228 -32 -159 -65 -265 -300 -163 -47 -48 -183 -273 -270 -10 -127 -178 -16 -107 -58 -230 -98 -81 -21 184 88 -121 106 -5 -171 204 -156 -148 -46 71 -170 -213 -120 161 34 -153 -241 61 -27 30 -293 -231 -225 -55 219 -4 -167
12 -109 -30 -147 -202 -180 -211 213 -293 -164 -128 -67 -85 -20 -136 -127 -148 -65 -260 -266 -48 -100 -285 -122 137 -265 -193 -234 -94 -172 -177 -13 -163 -174 -81 -115 -151 -124 -183 -282 -113 -272 -77 -90 186 -92 16 -157 -276 -9 -91 -195 270 196 -154 -291 -108 -225 66 -165 -199 -133 39 -247 43 -123 -189 -153 1 -191 -120
1 -118 -224 -290 -97 -188 -73 -46 -134 -94 296 -297 76 -186 -135 -242 -52 -190 -49 -83 115 10 -289 -284 -103 -299 -199 -57 233 -62 250 -32 -212 28 -195 -278 -179 271 -185 -166 -167 -147 -127 252 -211 -6 -258 -30 -22 200 -71 -77 225 131 -140 -259 -277 -262 -192 -158 -172 -295 -151 -226 -25 -18
69 -49 -283 -73 -63 -106 -281 -43 -100 -66 -20 -250 -192 -254 -204 -289 -161 -140 129 -93 154 -82 -2 -28 32 -175 -177 -200 -180 -203 -294 -50 -110 -149 -15 -138 -163 119 -103 13 -11 -224 -77 -252 -258 -158 -84 -94 186 -265 -9 -45 -276 -40 -297 -64 54 -255 -228 -21 -164 271 79 -226 -251 -117 -207 -60 -121 -104
300 -258 -253 -182 -67 -208 -140 -235 -176 -264 -269 -118 -46 -278 -127 -206 -138 -60 -126 -167 -24 -275 -143 -15 -47 -112 -285 -227 -57 -65 -10 -12 -213 288 196 -83 191 -212 228 -86 -52 -200 -295 189 -99 109 -298 -170 98 -149 267 -42 -68
143 -131 -75 164 -282 -91 -1 -176 10 -205 -177 199 -263 -46 -192 -59 254 -85 -158 159 -36 -182 -179 -256 -29 -147 -72 -61 -16 295 -180 -35 50 -265 -223 18 -211 268 -292 -42 217 -58 161 -76 -163 -198 -142 108 -243 -221 -94 -248 171 102 -193 -267 -126 -224 226 -241 -218 -69 -110 -269 -212 -188 -47 28 -106
165 -290 -123 -114 -241 300 247 -176 5 -97 -190 -195 -206 -219 -164 -251 -187 -111 -52 160 -1 -155 -231 -291 -283 230 -188 -178 -189 -78 -28 -256 -177 -249 -248 175 -81 -197 -121 -240 181 -61 -270 -191 -184 -228 149 -128 -145 -200 -22 -153 -259 -92 -85 -161 -17 -24 -49
18 -91 -28 -242 -288 -171 -228 -42 -70 -34 -226 286 -81 -267 -270 -67 -298 -95 -125 -200 -250 -120 -62 -138 40 108 -235 -153 -268 265 -182 -175 -154 -93 -261 151 -124 -207 -137 -29 -206 233 -271 -287 -214 119 -115 -162 -117 -152 -131 -88 -107 -3 -134 -181 -85 -80 -263 102 -36 -87 -76 241 166 -157
213 -127 -111 -177 12 -123 -84 -194 -32 -212 -21 106 -288 -193 -266 -268 105 99 -187 148 -119 -245 -85 -179 -283 -80 -100 -72 -90 -162 -290 -264 -103 -265 -93 -9 -223 -30 -59 -133 -10 -76 -113 -13 171 -244 -280 -169 -70 3 -126 -166 -184 -270 132 20 -234 -161 -227
30 -36 -71 -257 -1 -238 168 -229 -284 -193 98 -125 -199 -179 -73 60 164 -228 -280 -273 -260 -69 -48 -213 -282 -191 -46 -180 -283 -154 -134 -253 -51 -235 -156 -23 -115 24 -232 -153 -278 -97 -133 -135 -111 -101 -132
172 -70 -231 280 -229 -4 -186 -76 -21 -53 121 -215 -96 -261 -267 236 -192 -46 -90 -163 -40 30 154 190 199 -98 -93 -284 -47 -129 -223 -120 -233 33 -219 169 56 32 -35 -66 -144 -9 -145 -296 -19 -207 -174 -238 -133 108 -79 -24 -165 -266 -158 -243 281 -18 -27 -188 -117 -52 -218 -170 -68 -239 -140 -247 -13 -256 -297 -279 -72
204 -187 -215 -133 -13 -194 -136 -78 -141 -98 -113 -276 -176 -222 -90 -72 91 -190 50 102 258 -294 33 -104 140 -283 -297 -285 -49 101 17 -29 57 -119 -156 94 -123 -30 -181 -290 -166 69 -144 -143 -225 -95 -4 -137 -202 -124 92 -153 -18 -134 -291 -175 -45 -184 -267 -31 -16 93 -293 -47 -10 -66 -282 -60 -228 -138 -196 -135 -46 -148 -147
277 -164 -204 -198 168 153 -161 -29 -225 -79 -60 -189 -11 -6 28 -272 112 126 -115 -172 -191 134 -279 -276 -131 -255 -249 -274 -300 -233 -280 -99 -52 -68 -46 -217 -125 -95 287 -165 -216 -186 -20 -145 -201 66 7 -82 -98 -179 -229 -149 -77 -282 -37 -86 -121 -75 -170
113 -111 -49 -220 -42 -32 -253 -241 -181 257 -258 -157 50 -282 -269 -165 137 -37 -149 -55 61 -158 13 -91 -124 -63 -130 -190 -45 59 -208 -265 -2 -1 -169 -271 147 -28 173 140 -16 -206 -229 246 -219 290 -101 -114 -256 -19 51 -262 -183 -23 -200 -9 -273 -123 -151 -215 -17 284 -198
118 240 -65 -256 -281 -243 -191 -47 -89 -2 219 -266 -88 -119 -41 -82 -164 -279 -49 -217 -159 -121 79 9 -15 67 -205 295 -151 -220 -28 -218 -174 -18 -280 -129 258 96 -234 224 -132 -274 -44 -246 -55 181 -156 -29 188 134 -296 -268 -238 -22 178 -273 -193 -86 -104 -215 -194 -176 -39 -93 -211 -265 -264 -57
219 -202 -263 -15 -48 228 -193 58 -75 -39 -49 -65 268 -167 -260 -23 -97 -130 262 -32 -145 -270 -276 -156 -277 -272 -108 -38 -41 -123 -231 -126 233 157 -83 -190 -80 -162 -127 -25 -34 -188 79 -189 -288 -53 -100 -200 -62 -137 -199 245 -298 -206 -73 -251 -267 -86 266 -37 -164 -46 -214 -29 -141
84 -58 -141 -49 -94 -112 -249 -242 -153 -50 -34 -299 -79 -233 248 -194 -12 -48 -180 247 -4 -8 -203 -265 -145 -119 -109 142 -37 291 -188 -280 -42 155 -213 -225 -67 -158 171 101 16 -218 -71 -2 -97 -120 -295 -93 -178 -290 -23 -286 -271 164 -266
40 -242 -55 -262 -12 295 -154 -165 254 -62 -30 -192 -255 -52 -141 86 -51 -39 -26 -277 35 -183 -106 -177 -113 -231 -236 -238 -256 -147 -257 -102 -72 -114 125 31 -135 -271 -285 -144 149 -101 -42 -259 188 -17 220 -225 -292 -63 -148 161
185 256 -187 -62 -143 -156 -289 206 -218 -158 -42 -233 -96 152 -8 -131 105 245 -296 -85 163 -16 -14 -273 -68 -127 -67 -60 -211 -220 -84 -35 -265 72 23 -114 -147 -128 -10 -278 -168 -285 -101 -176 -132 -51 -82 -26 -292 -275 -243 -216
28 -296 242 -285 240 -80 -163 -225 -142 -107 -52 -30 -64 -210 167 -269 -72 208 -186 -228 -11 -140 -97 246 -33 -10 283 -18 -157 -89 262 -174 -184 -125 77 -62 -271 -172 105 -153 -96 -29 -251 -113 -209 -289 -128 282 226 -143 265 15 134 -223
63 266 -116 -232 -48 -109 -123 290 -76 -253 213 71 -181 -276 -79 267 -152 -244 89 -52 -113 135 -282 -148 -295 -127 -198 171 -208 -26 -18 -141 -174 -108 -218 -22 -13 -197 -283 -8 -158 -133 -15 -172 115 -166 -156 -10 119 -242 51 -296 -238 -145 -132 277 -14 -40 -125 -189 -293 -32 -45
212 220 -207 -8 -53 -50 168 -286 -24 -85 135 -97 -48 -29 2 -194 74 -20 106 -64 -178 -141 -273 -128 -78 -122 -211 -219 -129 115 -160 -51 120 -16 -179 -22 -116 -237 -155 73 -145 -125 -114 -127 279 176 -134 -287 -130 -13 -288 -95 88 -23 -110 -192 -266
165 -125 -232 -268 -144 -68 -153 184 52 -273 -188 -70 -1 -244 192 -229 -174 -276 -132 -167 103 -211 -234 37 -30 134 -185 -163 -265 -100 -182 -151 263 -296 -81 -224 -247 -264 -200 108 -261 -206 -54 173 204 -171 -124 -209 -198 51 88 -133 257 168 -202 148 -169 -106 -277 220 -38 -235 -67 -249 283 -239 -117 -62 86 282 -146
241 16 93 214 266 -107 -212 -5 -38 -13 -299 276 192 -42 -210 -85 84 -248 262 -98 -79 -64 -244 -243 69 120 -211 -14 -134 -237 184 -11 152 -155 -215 -172 87 -277 -135 -44 -33 -92 -280 -268 -95 -230 -123 -162 -174 -29 -278 50 198 -251 -1 -147 -240 -202 -142 -275 274 -173 -20 -10 -138 -254 220 -296 -158 -90 -21 -28
288 -186 -66 -191 -183 23 -220 -15 121 -41 -163 -178 -206 -131 -177 175 -169 67 -140 -149 -95 -10 -272 -167 -159 -235 -279 -57 -147 -101 -97 -196 -112 -157 -20 -264 -300 51 98 106 -125 190 251 -212 -204 -36 -29 -237
26 -273 -13 -132 -84 115 122 -228 133 241 -130 -22 -101 -219 -15 -272 -83 -238 -76 -111 -10 -200 -213 -149 -203 -2 -290 -1 88 -109 -242 38 -137 -124 -31 -258 -234 220 90 -146 256 -61 -165 206 168 -141 -11 16 107 -190 -5 -57 -202
176 -4 -201 -181 -222 -249 -252 37 -30 70 -191 -211 -117 111 155 72 -147 -138 -80 -271 143 -96 -168 -2 -166 -236 -35 -297 -265 -197 79 -216 -57 -274 -115 -173 -77 289 -38 -48 -146 -285 -223 -13 56 -126 225 -108 -118 -205 -33 91 -204 -85 -84 175 54 93 -109 -207 -273
93 -215 84 -78 -104 -258 129 -124 -154 -193 -42 -9 -186 247 -82 -287 -43 -127 -121 27 -120 79 -28 -98 -240 -8 -235 -57 -237 -256 -123 -249 103 -109 -137 -105 -112 180 -262 -46 -243 -47 -265 218 173 -163 -253 -228 300 -289 74 -170 -254 77 -183 -293 -90 -229 206 -99 -239 -234 -59 -266 -134 -110 -230 -1
65 167 -91 -5 204 -274 -151 138 -260 100 -212 113 223 146 -182 29 -257 -126 -108 -115 -51 87 -159 -267 -107 -184 -244 -125 -188 -6 -112 -230 -37 -228 -66 169 -15 -50 -35 -114 -166 94 -53 -214 -192 -254 82 -256 -62 -89 263 -132 -60 -292 -277
290 -101 -98 -256 206 -246 253 227 -242 -125 -61 200 248 -44 -19 -45 -194 -224 -151 97 -284 183 -90 29 -208 -86 -294 57 215 113 272 103 -69 -117 -190 269 135 -167 -260 -14 142 -144 -54 -235 -64 -255 -143 -180 -148 -94 -229 -66 -30 -89 -20 -72 -83 -231 -80 110 -199 -3 -22 28 -38 35 -95 -245
30 206 -139 -73 -257 -275 -104 -189 -85 -163 -178 -62 -298 -105 -95 -16 -221 -114 -6 -69 -213 -148 -170 -109 -131 -135 169 -113 -202 -198 -246 -209 250 -256 -238 81 -146 -261 94 224 98 -79 -243 -287 -174 -121 -181 -58 -97 92 17 -39 -111 -1 28 -168 -161 -147
175 282 -216 -251 -209 -185 -298 -83 -15 5 -7 -119 -173 -26 73 -165 49 -103 -70 -249 -136 167 -297 64 -205 258 -90 -283 125 -104 76 -171 -4 -287 -279 -231 114 -124 -133 -41 -122 -6 193 275 -142 -212 -286 -246 -77 -262 294 -12 -292 89 109 -128 -59 -155 -184 222
77 -192 -155 -264 95 -48 -11 239 -224 -237 -145 -137 -181 -259 -55 216 -202 -191 238 -71 292 -250 -4 -33 -80 -69 -171 -15 211 -260 159 -147 -89 135 291 -99 -255 -74 -124 261 -97 -72 -116 -220 -108 -290 -39 -140 -79 156 -81
292 110 -188 -155 -4 -162 -275 -251 -97 -168 -81 -11 -7 -176 76 44 -72 -169 -230 -267 -212 -31 -113 -299 166 193 -281 -17 -283 295 -103 -43 -105 106 -209 -172 -70 -229 -152 -234 -139 -175 -171 -19 -13 -207 123 233 92 -5 -236 141 -137 -165 -109 -9 -133 -53 -12 -147 -291 -84 -61
245 -266 -55 -89 -237 -13 280 -192 143 -88 -107 -106 -124 -205 -80 135 -3 -140 -168 -146 -49 -269 -139 -95 -102 156 -77 -35 -108 -224 -161 -133 -97 -174 194 -125 -236 -115 171 -142 157 -90 -227 -137 75 -116 -52 12 -202 -15 -184 -22 -72 -150 -100 -42 -154 67 -27 -289 -92 -34 -282 -176 -233 -268 -277 -121 -144 -60
274 -146 -266 -257 -85 -261 -283 192 -142 -207 -101 -165 -229 -285 -288 -31 -163 199 -51 -88 -218 -260 -82 246 -54 -15 249 35 -166 -34 231 -147 33 -80 -53 -84 -91 105 109 -10 -67 -26 -206 225 -174 -267 -68 -44 -89 -32 -175 -153 -47 -131 -170 -271 61 -184
292 -80 54 -19 -172 -129 -15 -295 -300 -280 -250 -173 -167 -200 -77 189 -3 277 66 -75 46 -246 -178 -258 -24 -138 -148 -130 -60 -149 -243 241 -235 -267 -39 -98 -285 165 -18 -238 -175 146 150 229 -153 -242 -228 -132 -162 -185 -261 -25 -218 -91 -85 -100 -12 -233 -99
277 59 276 80 -187 -287 -23 -57 -47 30 -210 -17 -58 -8 -251 -70 -188 71 -255 -214 -168 -204 182 -83 -198 -136 -144 -44 -102 -290 -16 -96 -184 -270 -68 264 199 -257 -237 -272 -250 -93 15 63 228 114 -124 -10 -292 -176 -78 -191 -28 -254 24 -85 118 -143 -146 236 -193 -67 235 226 -222 -159 -36 -281 -229 -180 288 -233
243 -35 -11 -103 -292 -37 -202 -207 262 -79 -170 297 -121 -12 -87 -268 -54 -192 53 -266 -118 -24 -199 -171 -198 120 250 -152 -179 277 -225 -288 -89 -236 -49 -174 219 -29 -245 -4 -101 -145 -15 -235 -48 -284 -165 -215 -273 136 -107 -40 99 212 -264 -249 -191 -68 -269 -27 -58 -20 -238 -135 -178 -206
155 -272 -15 -83 105 -39 -158 78 -33 235 -61 -264 -225 -109 -79 -66 -85 -236 -112 -242 -220 -57 -94 -172 -178 -80 -171 169 134 -116 -90 -282 -89 19 176 140 -222 -168 162 -208 -106 278 -124 114 -117 -174 -198 104 -263 93 118 -250 -69 84 110 -107 -167 -296 -73 -188 -36 -129 -131 -59 -88
92 -40 -226 -158 -134 -163 -79 -237 -154 -196 272 -220 -164 -216 -245 -32 -90 -275 -280 209 -239 -183 67 -258 -195 -207 -59 -21 -95 -271 -20 -265 -145 -181 48 -31 -254 -257 -283 -190 -99 -153 170 -83 -159 -246 -219 -297 -107 -14 -85 -150 151
154 -67 -84 -270 -32 -275 -279 19 -35 -141 88 -299 -139 -43 -91 -179 -292 -267 -17 -205 -54 -82 -265 -49 174 -120 -268 163 -127 -15 -197 -191 -261 -183 -114 -128 -90 -256 -241 -123 121 -131 -170 212 274 -12 153 -159 193 -80 -293 -291 297 -181 -42 180 -146 -25
169 -72 -167 17 -212 -168 -130 -259 -268 -163 -111 -248 -134 -213 -222 -19 -60 201 141 250 -269 -56 286 -25 -114 -241 216 -239 -150 -139 -175 -32 117 -176 -44 -188 -35 -202 -115 -298 -23 108 -81 -22 -184 -187 -68 -136 -292 -193 -52 -199 -109 -46 -61 -297 -98 -91 -236 -97 -263 -235 129 -6 -142 242
35 -43 253 -215 81 -51 -6 -258 -232 -260 -214 -135 -94 -164 -298 210 -25 209 225 -28 -152 -55 181 -255 -156 -5 -189 182 204 -48 -122 -233 -100 -47 -186 -270 -144 279 -91 -221 -89 69 -240 -45 -150 -26 -198 -282 -105 -85 101 -259 -124 -252 -223 -24 -271 -268 49 -10 -229 -80 224
70 -54 -158 -51 -104 -19 -92 -191 -99 60 -98 -202 -165 -201 -265 -159 -192 -35 -197 -250 -220 -246 -122 -16 -68 -251 -286 -290 -2 -228 -280 -117 -62 -61 281 186 -230 -139 -291 -121 -261 -146 -134 -96 266 -157 -167 10 -259 77 -282 -105 -109 -102
27 -71 67 -285 -274 -140 -146 -281 -130 -77 -73 -185 -120 -252 84 8 -247 -135 -128 -32 -237 -294 -293 18 -22 38 -81 -174 177 141 -56 2 -168 -262 -153 -13 -236 -20 -214 -296 -21 -137 -289 -255 189 -273 -178 -54 279
294 -152 -90 -196 101 -189 -8 -271 -239 -225 251 -6 -240 -204 -126 -3 9 163 -54 -284 -217 -51 -209 -81 268 -171 -1 -47 -180 -110 -49 -138 -186 -115 106 -141 -267 -109 -205 -237 -281 -23 -97 -290 -184 -137 -187 -87 -131 -220 263 -85 252 -119 -20 -108 -30 -22 -32 -297 -190
195 -287 -238 -138 237 -294 -119 -30 -48 -16 198 -68 -298 -61 -244 137 -141 -134 -85 -163 -132 269 -107 272 -47 -46 -42 -190 -210 -40 -234 -83 32 -17 -102 -124 -78 55 -128 -267 -44 -39 -203 -226 -225 -4 -36 52 -188 113 166 -256 -86 248 140 -27 -176 -289 -101 -241 -6 -81 -94 -144
273 -237 -96 -11 -124 69 -244 -78 -73 -201 -171 -192 -75 -140 -271 -74 82 -99 7 -234 283 197 -66 -203 -233 -136 -288 -63 -47 -166 -147 -276 25 -93 -298 -284 -43 -291 -254 -261 177 -219 -31 -262 -44 -105 -141 -296 -4
155 -74 -172 -51 -198 -282 285 -272 -194 -222 -140 93 -215 -121 -12 -151 -299 -79 -242 -278 -218 -146 103 -196 -97 -54 -76 -14 -47 -191 -55 -21 -124 210 -48 -275 34 -224 156 -152 -243 -128 -259 -77 -203 -219 -62 -133 178 -230 -45 -112 -22 126 -67 -277 -286 -122 -15
170 -21 -155 -126 -276 -247 145 -216 -280 105 -172 -219 -267 -77 -232 -19 -220 67 162 -177 -98 -117 32 -292 -283 -54 -161 49 -268 -241 -165 -52 -264 261 -63 -235 -140 -57 34 259 -110 -217 -234 -138 -27 -169 -146 -236 -102 -80 -101 -175 -252 198 -35 -207 136 -226 -29
10 -187 -106 -122 -287 -166 -100 -127 -112 -189 -156 144 -151 -185 -188 -271 99 238 -87 -51 -277 -255 -7 -294 -169 76 -174 -119 -103 70 -260 -180 -227 -49 -91 183 -82 157 -120 -197 -129 -111 -37 -13 -206 21 -167 -154 170 -252 -33 -110 -235 52 -148 219 -93 -269 -108 202 -214 -284 -242 -243
203 -252 -6 -162 -237 -283 140 -24 181 -173 -4 -18 -248 -253 -264 287 -149 -76 -141 -31 -82 161 -165 -138 201 -50 -219 -273 168 150 -93 -99 -19 -8 -47 -125 -28 -230 240 -271 -188 -14 -137 227 -185 -223 -98 163 118 -152 -212 -3 -42 -92 -295 -74 70 190 -108 -210 -83 229
23 -299 15 -300 -95 -216 -179 267 -252 -135 247 99 -180 -245 -78 -246 -41 -276 -163 -264 -16 -172 -105 -208 -281 -56 -269 -118 89 -153 -280 235 -298 -108 -74 -83 -284 -251 -69 -38 -234 -147 18 -296 -9 -237 84 -24 -17 -8 -81 287 159 -62 -11 -169 -186 88 -279 71 -226
36 -189 -12 -86 -300 -197 -230 123 -249 -32 -40 -48 -258 -187 -33 -263 -88 -203 -202 -102 -295 -78 -92 -244 -77 232 -114 -15 -254 -163 16 -119 -277 -139 262 -111 245 140 -60 -108 -216 -242 -174 -55 -220 -160 -212 -172 -243 -282 -173 -298 -211 -67 79 176 -229 -196 -75 133 -93 -26 -234 -8 -63 -125 -122 -252 213 -71 -153 -156 -49 -68
191 -84 -248 -135 -69 278 -178 -11 -111 -227 -172 267 35 -115 300 -60 -244 -207 -147 -192 -167 -180 -40 -229 -66 -126 181 -76 -283 -46 270 -120 -280 -200 -279 143 92 -291 -139 42 -287 -116 33 -146 -52 -85 -219 -41 -150 -138 -8 -50 -137
3 -240 -152 -296 67 -286 -224 -225 40 -148 -244 -248 -48 197 -118 -116 -204 -208 237 99 97 -76 228 -264 -234 158 -28 -113 -213 -120 188 -256 -187 266 -32 180 -95 -112 -278 47 -186 -232 -209 242 38 -72 195 238 -93 -65 5 -279 -115 -29 -87 -276 -22 -31
257 -271 -185 -99 -220 -144 -154 -106 -89 -246 -26 287 -67 127 -133 296 -141 -85 -299 -288 243 -235 -124 178 -182 300 -45 -134 221 -262 -27 -258 -253 -180 291 -163 -47 -298 -275 -164 158 5 -279 168 -239 35 53 -8 -33 -40 -77 -1 -80 -87 -152 -102 -64 -241 -13 -119 -216 -107 -151 -211 -229
96 50 -271 -193 -132 -194 14 -155 258 -241 -273 -161 -173 -266 -124 5 -39 -148 68 -99 -256 -186 -128 -44 -33 -205 -192 -21 -275 265 236 130 -7 -185 71 -98 -245 -43 -235 -172 -72 30 -76 288 61 -53 -174 -229 -292 253 -293 -60 17 -199 -139 84 -286 100 -268 -109 -197 -207 -213 -58 -187 -3 -9
230 -249 -134 273 174 -238 -299 -233 -63 -55 -48 -77 -59 -191 -116 -214 -32 -292 172 -277 -195 -108 -213 -62 282 -197 97 -253 -176 -169 -163 -200 -33 -139 -137 -10 -12 285 -96 185 -259 -141 -79 -270 -91 187 115 105 -193 39 237 -188 -290 46 148 -4 -80 289 -112 -184 -222 -22
19 -288 49 -286 -272 -253 -266 -52 233 -203 -162 250 89 -60 -41 -213 -164 88 -269 -152 -92 -84 -7 -93 -22 -157 -9 155 -108 -77 -4 -209 -83 -53 16 -212 -14 -54 -252 64 -48 -205 219 -103 274 -85 99 -82 276 -234 -192 -170 -262 -133 -122 235 -134 -8 -206 -137 -67 225 -66 -216 -146 -188 -215 13 -121
236 -136 -247 -227 -221 -201 -99 -278 -50 103 -254 -134 -55 -78 -137 -13 -178 -192 -145 -265 -261 -117 -27 -245 97 223 -139 -29 -193 70 -256 -251 -202 -164 2 -184 -72 -266 143 -81 -155 -21 -299 -106 -141 -207 100 -61 -12 -204 -165 228 -273 -56 -205 173 -64 -154 -234 -76 -128 104
19 -111 -293 -211 71 -259 -118 -168 141 -183 -182 -152 -88 -188 50 -54 29 -109 -72 -103 -70 -18 99 -187 -38 -52 -219 156 -271 -292 17 -139 175 -278 -195 145 -124 -40 -56 -251 -5 -95 -243 -58 -217 -42 -201 -158 -106 -16 -273 -84 -233 -258 245
26 -97 -77 -277 107 -54 138 -156 139 -73 213 -290 -9 -257 -103 -273 -16 44 -189 -227 -244 -194 -36 -94 -140 -114 -208 -110 242 -41 -125 -267 -268 -131 -229 216 -272 -146 -245 -270 -48 -192 -8 -45 -298 -263 122 -120 195 -35 -232 -154 -171 -173 -62 4 -93 -32 -145 -235 -239 -188
67 -90 -60 188 -202 -136 -208 -254 214 -177 51 -228 -77 -180 -50 124 -40 -116 -264 -122 -98 -280 -252 -201 -170 -281 -259 255 -190 -61 -64 69 249 -2 -224 -198 -65 -11 -30 -70 -282 -258 -49 -105 -129 106 -55 -109 -181 -92 -89 10 -113 56 -186 -25 248 -143 -148 -38 -233 -16 17
254 -9 -116 -240 -51 -231 -22 -96 -182 -260 -184 -297 -54 -125 -299 -19 268 -72 -79 -90 -204 -128 -279 -130 -198 -52 -226 -89 48 88 -153 -29 -173 -97 -1 -162 -274 -112 92 -63 -132 -8 -4 161 190 -205 -265 -159 -273 -60 -32 -166 -200 -36 -66 -135 -263 -47 -247 -296
73 217 172 -178 144 -17 -196 -2 -270 -209 177 -180 -238 -114 -127 -183 -96 -171 1 -53 -81 110 -291 -139 -138 -147 175 -201 -187 -66 -237 -292 -288 -105 -13 35 -266 -260 -133 -12 -108 -255 70 -203 129 -33 26 -45 -140 -89 99 -225 -179 -208 -191 -28
213 -128 -214 -150 -274 -223 -138 93 91 -217 6 -294 -270 -162 -122 -75 130 -68 -276 -21 -182 -241 175 -101 -105 -224 19 -263 -66 -240 -67 -181 -57 -183 -254 -112 196 -11 100 -287 -62 -233 293 -35 -71 -268 -267 -157 -127 -28 -154 -176 -184 -41 76 197 -74 -211 -288 -228 -32 -47 -2
268 -206 -200 -77 -58 -145 57 -67 160 122 -176 -5 92 -249 -270 87 -239 -254 -231 -192 -226 -261 -199 -157 28 -71 154 251 -94 -34 -155 -43 -31 162 -166 -121 -175 -236 -229 168 -90 -258 -256 -86 -143 -56 -198 -25 -156 -187 -195 -69 -74 219 -144 -81 -207 -35 163 -103 115 -178 -15 72 -169 -65 -134 -129
22 -155 -125 -212 220 -33 -289 154 288 -177 167 -190 -50 132 -45 -160 -67 -200 55 83 243 15 -299 -108 -181 -93 -92 80 -63 -115 -298 -101 -143 156 -221 284 -146 -10 -259 237 -24 -274 -168 -218 19 -257 -64 -152 -85 -248 159 -39 -95 -38 -191 -173 -245 251 27 -283 -11
220 -231 -53 -238 -217 -81 -151 -205 296 157 -141 -87 -197 -115 -287 -186 -235 -216 -159 -142 -258 -189 -107 -36 -294 262 -178 -175 -266 -33 -51 -223 -47 -60 27 -101 -292 -113 -129 237 -281 17 132 3 -137 -198 207 -127 -94 -58 -62 -18 149
60 -298 -165 -222 -25 -70 -288 -69 218 -64 -176 138 -292 -204 -63 -85 -62 -177 -180 -148 235 -34 -140 -290 -289 -19 -59 -202 -172 -190 245 -111 -197 -168 271 -33 -258 -209 279 -78 27 -213 -171 -110 -247 -90 -232 -26 -144 -200 -72 238 193 269 -242 -53 -96 -46 189 179 -130 -265
1 -252 -3 -85 -191 -235 -84 -268 -73 17 -244 -23 -208 209 -137 -71 -57 -291 -226 80 131 282 -26 -86 4 -295 -128 122 248 -288 -280 -96 -45 -48 -250 -107 -254 -89 22 -257 -92 -7 -197 -293 -219 242 -82 -176 -266 286 -68 -237 -265 10 -153 -77 -63
147 -187 -24 -202 -198 -16 267 -209 116 299 -162 18 -137 -5 -205 288 214 -63 -207 -128 -109 -294 -270 159 -195 -96 154 -229 106 -272 94 -146 -178 -255 -174 -145 -153 -234 -40 -297 -179 -232 -130 91 -278 -111 196 46 13 -244 33 284 -115 -82 -54 289 -180 -200 -256 -119 81 -249 -140 -85 -166 -61
265 -24 -101 64 -168 7 -19 48 -166 -169 67 -181 -76 -258 277 -299 -233 -59 283 -96 58 -271 -267 -209 -36 -73 -34 -109 178 66 -270 -269 -216 -45 -104 252 152 -37 -276 -107 -32 -130 207 164 -12 26 -263 -92 -30 -251 -235 -288 -42 -222 191 -163 -275
117 -269 -195 -241 -257 -156 144 -259 -135 -7 -131 -228 -202 -271 -177 -66 -250 -73 -229 -126 -157 -94 -242 103 -212 185 105 -98 -296 -9 -158 -124 -146 -287 -102 -141 -59 -120 -285 -293 203 84 -279 -235 -220 -137 -292 -79 -130 -72 -75 -101 -232 -290 -61
105 -36 -19 158 -145 -258 -59 -78 -199 -291 -167 -284 -226 -35 -275 -42 276 -162 164 -15 -207 -84 -90 -230 96 -161 -71 -239 -259 285 137 89 -205 -263 -56 -10 -203 -170 177 -299 -200 -182 -215 -180 185 -279 -210 -269 -83 209 -143 -30 -166 -196
71 -150 -199 -43 30 -274 -257 -135 57 -289 -272 200 -238 -296 110 31 -295 -45 -138 -112 -105 -51 245 -241 -176 54 -80 -217 -9 84 192 -240 38 -122 -284 195 -268 229 198 -39 -226 -134 -162 -224 90 -290 -132 98 -60 -87 -124 -172 -11 -218 -256 113 212 -50 -242 -2 -47 63 -283 -202
4 -110 -140 -72 -118 -121 246 -164 -284 -191 280 -171 -259 -49 -29 -108 -166 275 -89 -264 -192 -186 -262 -242 -189 -273 -218 -227 -135 -154 -34 -66 -152 193 -60 214 -79 75 -211 -36 90 -155 296 -44 -175 129 -182 -285 -87 -215 -139 -169 -257 -59 96 -131 -243 -266
113 -169 -184 -75 -132 8 -274 -93 146 -174 -95 -120 -22 -61 -9 -287 -90 -160 -91 156 -251 -282 -107 -258 -66 -16 -293 260 -65 -92 -62 -34 -199 143 -151 -248 -147 -85 -71 -236 -54 37 -273 -63 -264 -189 -80 -86 -294 -163 -257 211 -224 -96 -192 -58 -11 -219 -10 -68 -47 -195 -161 -209 -106 -64 135 130 -206 221 -289 -283 -129 -158
38 -222 -20 -192 -214 -9 191 -239 -62 -84 -263 -300 -83 76 -177 264 -271 -31 -297 -61 -275 -36 22 6 -194 -45 -94 -290 -3 219 -159 -279 167 -203 -164 -34 -256 -179 -69 -41 -217 -252 -273 -216 -85 -148 -278 -149 -185 73 111 -237 -276 -56 -68 224 -166 -28 -54 -95 -257 -13 -212 -46 232 -228
148 270 208 -244 -88 -54 -53 300 -264 -176 30 -216 226 -139 -18 -40 -213 -256 -26 -144 295 -140 -152 -218 232 8 -79 -241 -283 -189 -129 -128 203 -227 -43 -200 -225 -78 -28 -113 -291 -142 -109 183 -228 191 -15 -111 -41 69 -149 99 -292 -61 -266 251 -93 -272 -73 -254 29 -220 89 279 -124
297 -67 56 -12 -214 -144 -112 -65 -157 -114 -203 23 -130 -217 -19 22 -245 -58 31 -61 -17 -119 -45 156 -265 -192 270 -240 -222 -221 -241 -293 127 158 -177 -258 -267 -272 -191 80 -296 -111 -180 292 193 -55 -15 285 -268 -154 -212 -137 -167 249 -107 -1 -174 213 -187 -189 -49 -208 -20 -175 88 -206 -147 96 -236 -79 -121 -145
169 -63 -80 -210 -55 -10 -21 299 -292 -85 -239 -142 -131 -27 293 -71 -160 -126 -22 -173 36 -279 61 -37 -120 -5 -280 -117 244 -267 -1 -105 124 -78 72 -3 59 -13 -286 -25 77 -209 -164 285 -138 -225 -66 -208 -35 -57 -211 -136 -118 -128 -277 -97 -291 -283 -148
23 -91 -251 -112 -30 84 -21 244 -150 -215 -285 -15 -210 -2 -134 -214 61 -271 86 -250 -56 -139 -13 -51 -281 -43 217 -255 -109 66 19 -17 -145 -130 -266 -252 233 -1 -118 155 -194 -188 -298 -50 -190 -120 -14 124 -113 -59 -180 -289 -224 -79 204 221 -268 -240 -260 -237 -205 -137 -223 -234 -90 -171 -293 -36
196 -72 -110 127 -176 -115 -107 -238 -120 -208 -14 -168 178 -218 95 -248 -291 26 -104 -285 -220 243 198 -46 -80 -271 -258 254 -48 -23 -77 -203 -73 -270 -186 -50 -171 -277 -126 -147 3 -91 -143 170 -97 174 -124 -210 192 -43 87 -240 -292 -180 39 -246 -117 -181
155 49 -76 -198 -183 17 -57 -240 -79 -168 -40 -249 -210 -119 -191 -105 165 -20 -298 -257 -243 -32 -197 206 -300 -8 -208 -193 -144 92 -241 -272 -279 -80 -113 -104 -170 292 -87 -143 132 -174 -275 -122 -77 4 -43 -175 68 -270 -128 299 -226 296 -10 -201 -69 -126 -110 -127
237 74 -199 -202 -76 -5 -3 -90 -254 -129 -247 -120 -212 -217 -275 -160 -147 -89 -211 -242 -257 -219 -221 279 -143 118 -200 64 -236 9 -203 -57 -162 99 -39 -59 -189 -285 41 -289 -190 -222 278 -48 -36 -283 -100 -246 -84 -62 -136 -287 24 -220 -244 -256 15
162 -150 -33 -124 -249 184 -3 -63 -15 -141 -108 -81 -235 -126 -297 149 -245 65 -167 82 12 169 -174 -164 -295 -224 -274 282 -283 -44 -257 -208 -171 -132 -118 -9 -111 -179 -95 154 -286 -288 -96 211 -67 -262 -258 -221 264 23 -189 -290 176 -85 -113 -69
97 -122 -74 -156 -187 194 -162 293 -243 -108 128 -247 -155 -198 -36 235 -12 -250 -168 -225 52 -136 -190 19 -15 -65 -98 -72 -1 170 -192 -10 5 -179 -81 256 -181 32 -45 -205 -278 -202 -87 176 -161 -41 -2 -240 208 -49 115 -280 -83 -172 -164
169 -203 -185 -2 -158 -9 -218 -101 -215 -198 -189 -285 -179 156 -220 94 -268 -221 191 255 -113 173 -24 -143 58 -246 -46 -202 -26 124 -106 207 40 -256 -73 25 -244 160 -119 -97 299 -84 129 -3 -10 -116 -273 -257 -264 47 -152 -23 -254 -38 -261 -135 -79 -284 -83 -131 49 -6 -196 -178 -75
160 -111 -291 -45 -40 -166 -242 -35 -256 -178 -184 -85 -28 -6 282 -233 -102 43 -281 -247 222 210 -169 -84 -277 -181 -44 -133 -270 -293 -204 236 -165 -100 -60 -34 124 70 -298 -164 -114 215 -232 -141 -241 -134 104 -191 -194 -158 -56 -299 -147 -203 -93 -135 -151 -285 -228 -27
171 136 -195 -93 -157 -41 -109 -244 -291 -131 -91 -57 184 -90 217 -28 -168 285 -294 -174 -54 -15 -212 -124 237 112 -158 -172 -253 -189 -269 -216 205 -79 151 -173 142 277 -297 -283 175 256 -64 -60 -120 -18 -76 -242 -55 -192 -258 16 -24 -202 26 -9 278 -220
69 -49 -159 -247 -21 -102 -40 276 -201 88 -243 -78 -154 233 -62 -72 -47 -211 -9 -173 -43 259 -141 -99 -200 -117 -157 -25 -190 -225 -270 -198 46 -84 -248 153 -279 -268 -89 -193 -56 -27 -227 -76 -170 -178 -18 -209 -250 196 -48 -14 -144 -206 -228 -298 -252 -230 -265 -161 -262 -293 -169
251 -11 -95 -216 -8 28 -283 56 -7 247 -275 -240 -293 -29 -94 -264 -6 -100 -55 -136 -78 27 76 270 -123 198 -98 -53 -77 159 -117 -73 -249 -280 -156 141 -121 -211 -109 -193 -288 -105 -245 -262 -188 168 32 -47 -19 -48 -186 -163 -115 -183 -277 -291
77 -47 296 -210 25 -16 -202 22 -144 -167 270 -196 -171 -265 -168 -300 43 -279 -70 190 -110 -250 -206 -224 -182 -242 -51 -213 -35 165 -33 -115 131 -170 -240 -14 -97 -61 -98 -280 -298 -188 -62 -116 -99 -67 -169 -104 -249 208 -4 -26 175 -142
223 -33 -265 -201 -162 -27 -208 148 -115 -72 -236 -252 -218 -289 -281 -233 -34 -138 53 -191 126 9 192 -102 -164 -150 -117 -142 -42 -41 -280 -282 -49 -18 176 -273 -251 -147 173 -135 -133 -99 -44 -249 -26 -244 -199 -181 -272 -141 85 -274 112 64 96 -74 -235 -111 -238 7 -250 -258 -95 -154
262 -240 -37 -121 188 -232 -92 -300 -146 -206 -88 -274 -1 -298 224 -287 211 -55 -265 -58 -47 -149 -94 -137 209 -261 -20 -281 -292 -290 -104 -38 -231 -61 -35 5 242 -191 -100 -163 -219 -107 -90 53 173 -196 -197 -259 -257 -179 -18 -190 -56
106 -203 -110 27 -23 -225 -178 -292 -54 190 -183 289 -86 171 174 -175 -246 -282 -296 -2 -159 10 204 -41 259 -71 -230 -45 -272 -268 -9 -85 -285 -258 -263 -255 -248 -150 -39 -193 -240 152 -34 -140 -47 -97 -250 -163 -210 -166 -226 269 -113 -62 84 -195 -95 -11 -227 -157 -116 -123 88 -31 81 -102 -286 -160
184 -16 -159 -273 -292 -42 -195 -115 -89 -143 187 -165 -2 -43 239 -245 -300 -10 -223 -121 -72 60 -142 -27 -157 -92 -86 6 -287 -177 -124 -237 -55 263 -183 -14 -229 -79 -110 270 -186 -256 -290 -36 -41 -188 -145 -198 -181 -75 -253 -205 257 -50 -228 203 -81 -80 -163 -54 160 -126
287 -57 -85 117 -4 -194 32 -7 -96 -59 -269 276 -289 119 -87 124 -94 -138 -74 -176 -164 -15 -190 -229 -31 -62 -92 -113 -82 -283 104 -180 -131 -2 -34 155 -246 89 -300 -263 139 -38 111 -99 -177 -156 83 126 -244 -273 -238 -264 -230 107 -299 -209 -191 -102 -192 -189 -274 -136 -260 -186 -157 -1 -193 -81
147 -179 -230 -209 -157 -192 -139 136 -35 -5 -67 -207 82 -41 -282 -257 -255 -231 -292 -59 -119 134 218 -26 -91 -291 -86 -115 -141 65 -170 -240 -150 -18 -130 -27 -185 -189 -252 -186 -197 -125 -104 23 -117 -175 -190 -269 -210 214 -284 226 -128
10 265 -204 272 -248 165 -157 -236 -24 -17 -28 158 -282 -86 -114 -84 -127 -27 -88 -277 -258 -205 -156 -109 -119 -33 -92 -193 -159 77 -44 222 -163 -239 68 -49 -83 -141 -161 -184 -242 132 255 -229 253 95 -55 -168 139 189 -167 25 -186 -243 -171 -85 -245 124 -122 288 -249 -13
118 -1 -294 -131 28 67 -119 -121 -239 -62 -175 96 46 71 -34 -228 -26 -295 -7 179 -221 -224 86 -250 -77 281 -242 -246 -240 -278 -90 -10 63 -191 -207 -280 -32 -244 -9 -58 -141 -296 -193 -102 -174 -258 -94 -146 286 -159 -202 -113
233 143 -136 -98 107 -118 -291 49 285 -286 -133 -190 -18 -245 -102 -20 -60 -8 -11 119 -278 -106 17 -5 -90 176 247 -260 -174 -116 -189 267 -145 -193 -280 40 -43 -230 -300 -292 -126 -284 -269 -270 -195 -187 -48 36 -272 -197 -71 -252 -131 219 -178
90 289 -106 -128 -9 -41 -104 -15 -205 24 177 -267 -263 -236 222 -140 -111 66 -282 -197 -228 -51 -212 -249 145 46 -124 -147 -170 -114 -60 -187 18 14 -243 59 -247 -108 -129 -28 -285 -75 120 -65 -10 -256 188 -206 -110 -276 240 117 -216 -201
178 -109 -119 -295 -282 209 -72 -29 20 -127 -174 -23 -88 210 -42 -237 -110 -177 -91 -179 -204 -80 32 -269 56 -290 -21 -124 -214 55 201 211 -115 -197 -76 -205 -256 134 -199 -85 -224 -67 -186 -97 -180 -260 -62 173 -218 -150 189 -184 -98 -226 54 162 -280 10 -243 -265 156 -297 -163 57 -284 45 133 -4 -82
257 -113 -133 -149 -145 125 224 -215 -13 152 -100 135 293 25 -24 209 -185 -189 -46 -121 -41 157 -253 176 32 294 -146 -9 -186 -259 -277 -101 -77 -143 -160 -188 -212 -73 -207 -53 250 -199 -245 -23 -238 -180 -260 -206 -35 -102 -283 -165 -94 -58 -266 -191 -153 -168 -70 -172 -267 -171 -95
228 220 -196 239 103 -58 -286 -49 -40 -296 -62 -242 -161 -111 -256 -151 -19 -89 -17 -175 -120 -121 -189 -51 -127 -52 23 247 -4 -117 -193 -9 -65 194 -146 -269 -132 272 -233 -143 -282 -47 -99 -116 -236 45 -2 -128 -61 203 -186 -246 -237 -148 92 -251 -260 -94
158 24 -293 147 -74 40 -144 -217 -88 -75 -143 -79 27 -25 -120 -92 -175 -197 -160 196 225 218 -193 -149 84 -10 -205 -168 -232 -18 -90 -60 -185 -200 -173 -214 -139 -261 -229 -80 -35 -78 -255 -165 -271 209 202 -13 -239 -250 -279 -61 -154 -101 -291 -268 -66 -243 59 177 -190 -73
187 -259 -51 -92 -288 -209 46 90 -231 170 -243 -224 -114 -232 -206 -247 -8 -162 -282 -5 -1 -66 -117 -13 -105 -149 -237 -143 -218 -193 34 228 -240 -6 -214 -251 -191 -58 -213 -67 -189 18 -199 -121 -39 219 246 -181 -267 -31 -59 -184 -241 -152 -249 -238 -197 196 -44 -192 -134
156 -248 -124 -44 67 -252 195 -29 -45 -142 -113 94 -183 117 -38 -52 -114 -168 30 -8 271 -297 -257 37 82 -101 -28 -141 -260 107 -158 -282 285 133 -151 -222 -207 -192 -160 -286 -255 -65 -27 -243 -182 -61 -147 130 -56 -12 -155 -15 -118 -11 -54 -201 -50
77 232 -237 -32 271 -14 97 -135 -285 -172 196 -139 -249 -254 -131 -163 -180 -2 151 -104 -64 -116 -83 -138 -80 -68 -223 253 -294 -61 -159 -35 113 217 -262 -300 -189 -247 -148 -197 -22 -73 193 -121 -192 -152 -17 44 -62 -179 -60 -170 -54 -220
119 -73 -286 -258 -7 -279 -189 -269 -167 -292 -82 -106 -76 -159 181 -110 -252 -5 -90 -43 176 -17 -192 204 -185 -186 -60 236 -116 -296 -184 -244 100 -87 29 -235 101 -65 -215 -150 -48 -231 -287 -124 -57 -3 -285 -251 -131 -14 -180 69 -193 -271 -92 -67 -32 -247 -183 238 152 295 237 -205 248 -218 -164 234
7 -10 155 -218 73 283 -215 -88 -256 -122 -50 -235 -58 -97 112 -141 -172 -77 -264 133 -102 -152 -267 208 -20 -11 -81 -57 -61 227 -151 -146 115 270 94 -281 -286 -93 -184 -65 126 -255 -114 -287 -160 -59 -263 -38 -68 -211 182 -101 -201 -224 228 -41 -285 -291 -71 -290 132 156 -46 -98 -82 -262 -239 -44 -39
235 -264 -75 -180 208 -109 -211 -207 -240 -64 -246 -44 -43 -59 -143 -38 -166 291 -138 -260 -295 149 284 -87 -146 -3 -132 -45 -99 162 -63 -294 -215 110 271 -185 203 -98 -298 -83 -163 -42 -11 -79 232 278 -48 -226 -33 -122 -5 -183 220 -139 147 -242 -133 189 -106 -269
1 -28 254 -213 -130 -241 -140 179 -223 -71 -170 -284 -132 272 -257 -36 -84 -143 -181 -195 -239 -161 -270 -3 232 -69 -11 -147 -212 -108 180 -187 -111 -109 64 -190 295 -124 -196 -252 243 -79 -128 -230 -23 -17 -174 -5 -49 -86 -137 -153 -269 -231 -142 176 -18 -201 -144
156 -25 -118 -55 -67 -154 -93 -115 -101 68 -50 24 294 -290 -2 -57 -135 -39 -132 -146 -266 -18 -125 -159 -141 -65 -166 -218 -279 -99 211 -9 -300 -272 150 238 -164 213 -276 -75 160 15 181 -162 -233 -245 -214 -84 -193 -190 295 -147 74 -33 -58 -97 -36 -174 231
82 -45 -195 -143 -93 -297 -38 -40 -66 -115 -84 -127 -294 29 -61 284 268 300 -42 -245 8 -34 -155 -201 -227 -17 -178 69 -79 282 -96 -81 1 -275 228 -7 -234 -109 -271 48 -188 -63 -232 -260 -92 56 -121 -176 -122 -206 -35 -14 -255 -10 -192 -205 -219 -280 -283 -299 50 -210 -19
223 -75 -179 -112 -251 -102 -174 -266 -188 -110 -232 -154 -17 162 -22 267 -92 -61 239 -270 -201 -234 24 -4 -229 -109 -244 19 -89 285 -254 153 -231 -91 -175 -284 -60 186 204 3 10 296 -274 -230 -184 288 -182 -100 194 71 -148 -35
217 -290 -175 -130 66 -126 53 -65 -144 151 -54 -230 100 -194 -274 -106 -72 -264 -4 -3 -119 -170 73 -204 -235 -266 -244 -295 -218 231 30 269 -163 225 214 255 -123 -55 -47 -288 -148 -24 -140 -21 -234 -97 191 -228 60 -238 178 -142 -164 -285
199 -19 -18 -171 168 -279 -264 -38 -259 -10 -71 -84 56 101 -126 -211 -110 -88 180 47 -2 -147 -113 -36 -105 -165 144 -49 -238 156 -162 -108 -289 -29 -136 269 -107 155 -142 -77 -205 -292 -9 -281 -42 -287 -95 257 -222
192 -151 -249 -13 -241 145 -170 -32 -150 -285 23 -94 -38 -251 55 -8 -289 -42 -52 154 -283 159 -27 -123 -47 -235 -227 -193 -187 -148 -39 204 -102 176 -68 -199 237 -214 -33 -212 -56 -262 -80 -220 -130 -113 -92 -179 -189 -53 -60 -280 -182 114 -5 77 17 138 -292 247 -158 -255 -16 -43
285 -274 50 -51 -55 237 -135 -4 -208 -192 -230 -73 -107 -20 40 -27 -210 -291 -194 11 -188 -181 -221 -178 -35 -222 -17 76 148 -58 -151 -129 -44 -134 -62 -85 -136 -113 -286 -84 -241 -201 -81 -121 74 158 -268 -207 -195 -159 -289 -198 -266 -154 -212 71 -46 70 -28 -63 267 150 -227 -147
12 -259 -150 50 -89 293 171 -54 -153 -53 -116 288 -52 -25 -44 285 -121 165 -127 -130 31 298 -11 212 -290 -39 -262 -100 -223 -173 -164 -133 272 -170 -211 -33 -72 -286 -125 -294 -239 -112 -250 -248 58 -117 -254 -241 -118 -266 -265 -7 -144 120 -23 -162 -188 -76 -154 -16 176 -258 234 -35
228 -194 -19 -114 -267 -227 -110 -181 -8 117 278 16 -41 -285 64 94 -66 -197 -137 -174 -32 -214 -135 -187 223 -164 58 -100 -178 -275 -218 86 -204 39 -144 -36 -2 -33 -99 229 -210 -186 -76 -4 -134 -298 -250 -294 -244 -190 171 -295 -260 -113 -23 -130 -226 -10 -124 -291 -207 96 -279 -102 1
54 -24 -19 -142 -67 -241 -221 -299 -90 147 -153 -261 -188 162 -247 -110 -3 -200 -26 -256 69 206 -114 -276 -36 -64 66 -300 -185 -79 -40 -21 -219 -181 -268 58 -220 -218 -187 61 -82 -297 -18 -294 -49 -87 -131 -135 -125 71 -128 -272 178 157 -160 -88 150 -23 -237 100 -286 -42 -4 -279 -123
297 -122 -284 -15 -289 126 -65 -235 -67 -85 -298 -5 257 207 -12 -149 -192 -27 141 -69 -188 231 -179 244 93 -164 -266 -292 261 -221 247 -118 -201 263 -240 255 -300 16 -294 -245 253 -293 -210 57 -202 -29 229 -160 -178 -125 -41 205 -199 -90 -96 208 -47
120 -227 -91 -256 160 -157 -11 -85 -45 -290 -61 -31 -14 -100 241 -286 180 47 207 252 -141 -246 -96 194 -108 48 209 -250 -234 -223 -38 -142 -199 -19 -274 -103 -263 -89 -285 -81 -126 -116 -247 -215 -121 -58 42 -257 222 -71 -53 -165 189 293 -153 -278 37 -101 -191 212
35 -148 -59 -145 -166 -289 260 -45 -174 -267 194 -183 -187 -291 -216 -200 71 -119 -156 -69 -113 -102 -33 -191 -175 -189 163 -27 41 -67 -134 -284 -85 24 198 26 -262 125 -215 -128 -72 -124 -259 -63 -292 -250 -239 -150 296 -19 -180 -93 -87 -23 -229 172 -115
224 125 -109 197 -75 -107 -8 126 -278 -240 -206 -228 -166 6 -48 -283 56 -51 -137 -71 7 -39 -86 -247 -259 -222 -57 -284 -289 -241 -106 -53 -23 41 -225 155 -226 214 -231 -26 -47 -135 -147 299 -144 -156
49 -59 -240 -45 -149 -187 -61 -211 -71 127 -209 85 -179 -275 -90 -294 131 -180 -141 111 -298 -172 163 -273 -80 -293 -208 -20 -140 -159 -171 -277 -22 -89 -98 222 -249 96 -210 -60 295 -6 -42 -34 -57 14 -255 148 -53 -229 -285 -194 -283 -200 -101
117 -3 -255 -217 -137 -130 -221 -28 126 167 -203 -216 -262 -264 -249 -10 -79 -202 -108 -53 -198 -237 -178 -128 -67 268 -197 34 -223 -83 -47 -150 -230 -277 -299 -206 -244 -191 -143 -290 -7 -149 -113 -229 -210 -184 -23 -236 41 -250 -284 -77 -22 -233 -50 -199 -147
30 -210 -152 -48 -189 -275 -209 -50 211 100 -82 296 39 -130 272 -298 288 290 -225 -36 -94 -137 -117 161 -267 -205 -192 -5 -286 -258 -148 -126 -276 -115 -76 -246 -216 -212 -200 -16 289 -156 260 9 154 -104 -204 -228 116 -139 -88 -134 -103 -113 101 -229
207 87 168 -116 -205 221 -285 -217 -136 -222 36 61 -126 151 -48 -165 -271 -155 76 -231 125 -264 -278 -9 -135 34 -225 -84 -274 -130 -142 -169 -52 -7 279 -193 124 -209 -216 232 -261 -208 -40 -243 -189 39 259 272 -91 295 -46 -44 -281 -153 247 -123 -191 -287 -45 -73 -294 -250 -210
185 -268 -216 -67 -190 -47 -27 -183 -195 -229 -197 164 -253 -247 -149 -102 -163 245 -4 -41 -103 -159 254 -274 -5 -283 243 -96 -117 114 -101 170 -52 51 -22 -8 192 204 -59 -168 -68 -194 -73 -208 -225 -213 -30 -122 166 -89 -186 -200 120 210
287 -296 54 -294 -277 -68 -93 -221 -214 -53 -51 -234 -178 -140 261 -6 -17 155 -246 -111 237 96 -126 -143 -194 -109 128 -84 -28 -202 182 -106 -142 -115 45 -208 -1 -32 -273 -83 -181 -264 -256 -241 -263 -268 -63 -164 -59 -158 -146 -33 -27 -92 -102 -166 289 -217 -120 -131 -163 5 -67 64 -10 -210
292 -215 -149 -78 -120 -190 -112 -23 -288 -241 -75 143 -18 -139 106 -14 -239 -136 -253 -39 -31 -64 -161 -140 195 -146 -133 -137 -260 152 185 -1 -173 -189 -74 -224 -19 103 -275 -123 -240 49 -199 -193 -26 -97 -60 -174 -70 -280 -145 -110 -192 -242 -281 -277 -51 -72 268 -24 -13 -41 -53 -248 91
240 291 -276 188 -220 -201 -185 -94 -52 -8 -142 -16 -66 -178 -62 -270 -44 -135 125 -209 -203 299 -292 -214 -29 -132 -245 -163 144 -229 -235 -257 -202 -15 -166 -51 269 -25 -158 -232 -205 -57 -268 -37 -192 -71 -145 74 -241 -170 -228 -288 -215 -134 -49 -87 -27 -137
246 -190 -203 -210 -156 -8 -5 -57 -10 -72 -94 -18 -151 -104 51 -273 -263 -71 -141 -152 -112 -231 -140 -62 -131 -16 27 -164 -197 -149 107 -180 -233 -194 -175 -92 -205 -177 192 132 -271 -157 -298 -111 -232 -113 -234 69 -35 38 -101 -106 -223 47 -84 -188 -96 -88 297 -291 -191 -123 -125 -153 -124 -55 222 -196 49 -90
249 241 -240 -138 -300 -3 -267 228 -278 112 -1 -289 -153 -74 -276 -219 299 -164 -142 65 -90 -273 260 -171 58 -152 -26 -144 -207 -229 -258 114 -92 -162 -216 -175 -293 -279 -234 116 -93 -106 2 -265 271 -79 -231 -66 -130 100 -12 -292 -16 -25 46 -150 -15 120 133 98 -119 -192
124 -180 -296 -118 -265 -38 -232 -282 -239 -96 -295 6 -108 260 -127 82 68 -198 -171 -128 -181 -244 -17 -215 -58 -199 -220 -287 -132 218 -41 144 -207 -183 63 -84 -182 -114 -129 -25 -259 -100 139 -92 -70 -112 -152 291 -224 -211 -214 233 -89 -9 -142 -26 -97 -250 -178 -75 -93
220 -47 114 -149 -231 -88 83 -11 -166 -137 -37 264 -249 -300 -73 -7 -218 -196 -289 -64 -275 -86 -138 -122 -116 -155 -135 -215 -93 -228 -219 -245 -209 -202 -237 239 -294 -18 -59 -295 -291 -292 -200 -273 -91 -174 -136 -159 -69 94 -296 -182 -12 -134 251 -208
96 -300 233 -136 -109 -124 -7 -5 -118 -36 154 -134 -68 -125 143 -113 -98 -103 17 -65 -18 -14 -56 -197 -280 -159 -278 -266 -172 -142 177 -117 -139 -141 -83 273 181 -81 -39 -219 -99 -256 2 -292 -10 268 -258 -26 -251 -22 -202 -186 252 -276 -158 -30 -140 -206 116 -144 -239 -21 -246 193
298 -29 -108 -126 -211 249 -247 -233 -218 11 -276 -268 -79 -87 -67 -209 -66 63 -106 -267 105 -12 -116 -191 -165 -172 -15 230 -109 -284 -50 119 -226 -158 -123 -46 -174 -90 -242 -117 -82 -130 -35 -299 -27 286 -89 -194 92 -255 -37 -155 -190 -213 -127 -111 -175 -72 288 -195 -9 221 -2 -171
34 -234 -215 -57 -102 -272 -40 -179 -93 118 -145 -222 70 56 -75 -299 -156 -95 -43 -25 -11 -170 -90 -298 -82 -245 136 -51 -291 -285 -216 -12 217 -78 -61 -144 287 -127 -218 -261 -189 -5 -37 -155 -284 -297 -52 -65 -47 31 -79 -193 -131 -14 -16 -219 -251 -146 -148 -64 204 -69 -94
86 -261 -156 -270 91 -18 -230 -42 186 265 -63 -135 116 70 -256 113 51 -226 -260 -289 -124 -5 -85 -30 -58 144 -181 -56 31 -46 106 -11 -197 -123 -146 295 208 -45 -128 -221 -212 -168 -182 -219 -194 -50 -78 160 -67 249 -103 -259 -189 247 -248 -151 119 -21 -291 -140 155 -278
200 13 -25 -293 9 -236 37 -300 -52 -278 -48 -156 -106 81 -175 255 -122 -69 -149 -233 -142 283 169 -103 254 -87 -34 21 181 -131 -138 266 -160 -197 -11 -76 -245 -232 6 203 -72 -159 -219 -229 -8 -16 246 -295 -268 -58 -80 140 -191
205 -144 -108 -63 228 -194 13 -278 -145 151 -176 -266 -128 -83 -166 -14 290 -118 -90 -142 -97 -171 -265 -170 -167 -249 -179 5 -3 122 -132 76 185 292 -53 -149 160 -178 -258 239 -263 277 -220 251 -24 -105 -82 -270 -183 -99 -84 -198 -60 280
167 -177 -192 220 -287 295 -164 -28 -265 -187 161 -196 -224 -145 -56 -11 -248 -67 -218 -174 96 6 -286 -155 -38 -130 -296 -116 -20 -55 -213 -278 -157 -65 294 178 -81 -87 -285 83 -7 -191 154 180 289 15 -239 -70 -183 -8 -66 -36 -46 -173 -241 -195 -59
275 69 -75 -42 -226 300 210 55 -270 -21 -57 -157 -296 147 -237 97 -96 2 -85 153 60 -105 218 250 -245 53 36 130 -103 -246 -219 -65 -45 294 -20 24 -30 -77 -67 -299 202 -49 81 -243 -104 -143 260 -107 -208 179 -43 -12 -29 -128 -247 -173 -198 231 248
160 82 -285 -164 -253 67 142 -76 -129 -123 -180 176 86 -13 194 -9 -245 -250 -166 -159 -217 254 -279 -28 32 -23 -125 -193 -186 -149 -127 -153 -31 -20 -156 -77 -89 -46 84 287 -103 -122 -96 144 -95 -18 -233 -300 -212 -273 -239 -85 241 -244 -267 -49 -100 -48 -64 93 -36 -224 -2 -39 -221 -167 -55 -6 -198 -177 -69
238 24 -296 244 -160 -23 -152 -132 -252 9 -157 265 184 -107 -101 -95 -143 -208 -295 -105 -232 -81 -85 -270 -246 -100 -229 -50 -205 -289 -104 -144 -76 -134 -154 -69 35 -91 -145 -55 -200 -92 257 -170 -181 -247 -4 -279 -219 115 83 -300 -37 -202 123 299 -88 -8 -264 256 -261 -282 135 -126 -97 -158 -149 -290 -39 -263 -240 59
41 161 -22 -265 -89 -185 -107 -262 221 -293 -115 112 282 -14 -163 -67 166 -155 -102 297 -99 -232 -135 -124 -254 -132 -279 -190 141 27 -63 -73 -280 131 -53 113 -28 -300 -148 -2 -6 233 283 277 -97 200 -250 -56 -229 -38 -51 81
21 -210 -89 -38 -6 -43 -17 -33 -44 -269 -228 -234 -237 -214 -127 -117 -192 -114 -69 -9 -105 248 -203 -52 -298 -186 -86 -261 191 -184 -20 -146 -165 -150 -281 -144 -190 -136 -205 -3 -263 -224 -292 194 -196 -80 14 -99 -50 -79 -41 -106 262 -241 -239 -202 -177 -171 4 -8 -300 -133 -97 -145 226 -122 -259 -135 -156
215 -185 -120 168 -42 -21 -299 -95 -7 -169 109 177 -198 -195 -277 -297 -167 -175 -190 92 -166 156 -231 -228 -64 263 -24 -81 -62 29 -203 -39 -134 -138 -52 -280 267 -227 -211 294 -163 -172 -80 -178 -289 -283 -237 -51 -202 145 -55 -189 -46 -88 115 239 103 -252 -266 -53 -4
34 -283 -263 -185 -253 103 -119 -131 -122 -62 -233 -148 -105 -66 -246 -213 -130 -297 -180 -136 -232 -143 194 -146 -274 -204 -87 244 -214 22 -97 -276 -189 -111 -151 -164 -89 -73 292 -100 -117
136 -226 -297 -258 -296 121 -214 -1 -249 -152 -287 -234 -178 -14 -158 -71 -232 -110 34 141 -47 -79 189 -112 -181 -229 -230 -221 -150 -95 253 43 -41 -26 -160 -161 -239 -182 -118 -206 155 -269 127 -35 -48 -140 -103 -290 197 -166 -97 -19 -139 -117
216 -192 2 294 -92 -205 -279 -150 -232 -184 -296 40 -114 -47 -156 140 -254 -260 87 -119 -275 -13 -34 -259 -1 -131 -3 -74 -69 -91 -101 -209 -247 -94 -112 -193 -185 -235 153 -282 -227 -234 -287 -242 -55 -265 -88 -208 -241 -26 22 -273 -56 76 -177 237 -160 -183 -62 -67 -272 -83 -191
222 28 -175 -106 -8 -107 24 -271 -243 71 -136 218 91 45 -41 -160 -262 183 -257 -70 -233 -181 -289 -117 -267 -52 -60 168 -115 4 -186 237 57 202 -78 -290 -104 -282 -272 -84 -247 -11 -238 -241 -64 -194 -286 298 -108 151 -232 227 205 -291 -213 -180 182 -143 -263 -274 -83 -198
167 -99 -293 79 -120 -59 -159 -155 -109 145 -267 -143 -254 18 -212 -106 -291 229 -271 -61 53 -295 -189 -171 -299 -179 -161 -89 -160 -69 -202 -66 -245 -46 -250 -289 148 -4 -133 -34 -233 -240 -33 -134 -258 -63 -6 -222 127 -15 -283 -142 242 -7 -122
103 258 141 -82 -99 -287 -112 -149 -104 -89 -166 -202 -107 -218 -275 240 -295 -246 37 143 253 -225 -272 -28 138 -3 -216 -280 -134 -221 -101 -210 108 -299 -223 -191 -164 -238 -109 259 -204 -233 -4 -256 -75 -61 -72 -176 -23 -69 279 252 -300 -234 -168 -228 -14 -206 -291 -175 -10 -52 214 -78 -171 -88
34 256 -214 -259 -10 51 -99 41 -208 -298 -80 -119 -230 -191 -142 -22 -2 -153 -225 -224 -159 -116 -17 -297 -228 -267 107 81 -179 -53 -261 -283 -175 -226 149 55 -20 -117 -239 -37 -154 213 -146 -242 -110 -245 -203 -48 43 -190 -29 -27 -45 -188 -7 -126 -38 -163 -246 -280 -247 -187 -16 -39 -271
293 -117 -244 -206 -25 5 -113 213 92 -281 250 -299 -291 -50 -106 19 -298 -147 -200 -125 -100 -217 -10 -145 -91 -82 -176 -292 -54 -252 -66 -104 -38 -78 -52 -37 40 -27 230 -4 -214 -297 -233 -242 -15 -258 -270 143 -97 191 -51 39 -263 -260 205 -16 -120 -294 -129 -261 -285 -86 -232 -241 -287 -94 -221
152 -276 -28 -170 -38 -232 -247 -129 -156 -3 267 -216 -88 -167 -280 -221 -263 198 -154 -105 78 -281 -291 -106 54 -240 -100 -222 -298 -101 -97 -163 -259 -197 -10 196 153 -46 70 -227 135 -213 -127 18 148 -136 -81 -61
167 -214 -35 -206 -184 -56 -50 -277 -131 -124 -205 140 -213 -3 -150 -297 -241 -287 -121 -57 -47 -128 54 -160 -182 -129 64 -37 -67 -290 -24 -178 -83 -48 -73 -269 -39 -46 91 -13 -168 -94 -293 -229 -71 89 -278 -237 -144 -148 135 219 -244 -172 -23 -21 -220 -27 -31 -296 -195 137
223 -274 10 -19 -106 -22 -215 -109 -283 164 -81 -170 -166 -270 -298 -201 -143 -108 229 -62 -191 -176 -30 165 -141 -120 -235 -167 -197 -237 -289 -268 -240 -125 -296 -3 -224 -202 -194 -177 -43 -8 -72 -288 -220 -114 -260 -294 -73 -160 -269 -134 267 -226 184 -113 232 -96 -261 56 -69 -57 175 42 -12 -285 -172 -64 104 15
299 -105 -158 -31 -252 5 -114 -197 -170 -119 -208 -211 -47 -220 -90 -236 -213 -227 -70 -75 -290 -134 -104 -259 -151 -100 -161 147 -42 -96 -210 -145 -62 -169 -298 -57 -48 -139 -54 -284 69 -107 -112 -250 -77 -194 -283 265 266 74 -275 -152 -195 -225 -274 -150 -141 226 -264 -182 165 -55 -87 -157 -46 -129 -253 -32 -271 -85 -132
282 -49 -209 298 -193 -278 -154 -115 -153 194 -126 -296 -186 -40 -176 -175 -90 -293 190 -58 -262 -291 -158 225 -120 -212 -149 -103 -4 -271 -16 -31 -117 -161 21 3 -139 -6 -249 -78 -111 -259 -240 174 -274 -247 -11 -250 -144 -133 -162 -32 51 281 -227 195 -116
229 254 -93 -131 194 -231 -104 137 -61 -212 -213 85 -176 -208 -151 -119 -39 -44 -59 94 -122 -209 -18 -206 -282 101 -290 1 -83 -299 -280 -211 -76 -242 14 227 238 -112 -95 -73 -249 234 -17 -31 -114 152 -193 -184 -62 -250 281 81 199 -30 -276 -80 60 -198 -233 -142 86 -247 243 -56 -38
88 -258 -270 -41 -101 -36 -168 -93 -117 -70 -208 -42 -137 299 -98 236 20 -29 -89 261 -26 -151 -271 -226 -235 -265 -76 -61 279 -274 176 -4 -52 -126 -77 -231 16 -287 -10 22 -182 57 -9 -120 -108 268 -149 -167 -213 -284 -134 240 -207 -216 -195 -164 -237 -197 -172 59 -115
184 -45 211 -221 -239 -18 -212 -137 -174 -182 -285 -43 -262 -53 -123 -86 -57 48 -178 -276 -82 -144 -136 -46 -87 -160 -76 -192 148 170 -166 238 24 -196 -227 -261 -298 -80 -39 -117 -164 -263 -142 -42 -260 -189 116 -181 -56 163 -3 -119 -257 -107 -280 13 -68 -222 77 -79
39 -13 164 -272 -4 -246 -66 -292 207 281 52 -166 -112 -121 73 -245 97 -147 -210 -143 -53 -244 -238 -295 -111 -31 -29 -149 -126 -87 50 -237 -175 -209 -299 -273 252 -223 270 -72 134 -179 129 -67 194 -95 217 -212 -156 -290 -264 -200 -247 -25 254 224 -117 -278 -253 -128 205 -283 -94 -242 -220 -122 -266
194 -84 -31 -153 -236 -234 -10 58 -261 -291 -286 2 -59 -274 -28 -216 148 -284 277 -212 -250 -235 -287 -273 -200 -262 -20 -257 -25 159 -187 -80 -85 -152 -69 -270 -39 142 -174 -269 -206 -251 9 -73 -207 27 -123 -38 29
187 -297 22 -116 -284 -99 -240 -112 276 274 -9 -296 -285 -145 -218 -35 -253 -191 183 24 -90 -139 -292 -135 -52 281 -174 -195 -111 -137 -50 -149 -51 -232 287 11 -107 -264 -300 -28 -248 13 291 -89 -217 242 -293 -190 -143 -283 -245 -14 -104 192 -280 -298 -56 -256 80 -243 -125 179 -136 -178 -95 23 -34 -70 148 -260
46 -209 -107 12 17 -4 -190 -275 -276 -137 -193 -101 -288 -170 191 -180 99 236 64 26 -159 -147 -172 -205 -19 -20 -208 -217 -186 -291 -196 138 -102 -245 -96 -228 -160 -152 -266 289 -296 -106 -242 -42 -1 63 -30 -11 88 -50 -91 -83 -234 -16 -41 -134 -184 -31 263 -73 -258 52 -178 -161 -25
76 -245 -31 -30 -129 191 -249 94 -237 13 167 -268 -173 195 -147 -192 -287 -40 -190 -154 125 110 -4 -185 -275 -178 -223 -261 -203 -150 -204 -99 -228 -2 -151 -156 -116 284 -139 -59 -196 231 -72 -37 79 -18 -250 23 -161 41 -105 -19 -53 -14 -73 -33 -119 -27 259 -48 -251 -42
247 -43 -89 -86 -66 188 -113 -253 52 -54 -83 138 -285 -222 -182 -174 -153 241 -58 219 -165 -288 -99 -231 -10 -70 -107 49 160 209 -135 -279 -37 -207 -7 -63 -34 -57 -291 -234 -206 -139 -214 -60 -15 55 124 -187 -134 -19 -274 -278 -151
169 -164 253 -185 -194 -229 -170 -184 -29 -255 -7 -261 -284 -202 -67 39 -171 -14 -63 -45 -166 -165 297 -204 -265 -44 -54 191 134 6 -299 -251 -293 -117 -285 -178 -68 -279 -195 -122 -40 -56 -105 -109 -208 181 -224 -292 188 -260 119 -42 -141 -106 -198 245 -180 -20 237 60 -278 189 -47 -21 -124 8 -241 -232 -142 -114 -210 -3
162 -278 -27 -191 -183 -233 73 -206 46 -91 -255 -118 -235 -202 -120 -114 -61 -161 270 -58 -23 203 -218 18 -282 -268 -300 -296 -297 37 -196 -145 35 220 193 -240 -56 -167 -234 -213 -66 -1 122 189 -186 -108 -293 -171 -257 -89 -51 -65 -94 -111 -77 -140 -53 -2 -231 -292 -43 -11 -21
216 -290 -225 -137 -171 16 -57 -287 -262 -260 -93 -6 163 -263 -62 -138 -130 -65 -33 -222 88 -43 -221 -269 -248 -155 -184 -252 -34 -76 -297 -206 -97 -21 -126 261 -113 -56 -154 299 -199 165 -292 -246 -47 -281 -181 -32 203 -23 -285 -259 -190 -198 -300 -40 -29 185 -209 -215 -91 -191
74 -283 -95 -91 -258 -154 -166 -128 -31 -21 -249 291 -37 -240 -28 -110 -190 -22 -125 -162 -65 -99 -253 -220 -165 -119 -23 -200 24 -179 -79 -100 -148 203 -43 -236 -36 -126 -151 248 227 -285 -102 -137 -201 -76 187 75 -98 -131 -176 184 56 -47 -282 -261 136 -204 -108 -223 6 -268 -208 -245 -11 -160 113 -195 222 -238 -120
8 -244 -137 -149 -299 -30 -276 257 -226 -111 -129 -154 -268 -86 -291 -278 258 -44 -156 199 245 93 -55 -95 71 -176 172 -256 -53 -213 -18 -50 -124 -187 -64 -17 -254 -157 -251 -207 -70 -235 -161 -183 -297 -120 -155 -165 -139 -293 -107 -287 -90 -10 -97 82 -284 -109 -162
106 -50 -69 214 -222 -40 -143 -92 156 72 -85 -206 -74 248 -121 -49 164 -149 126 -86 -28 -150 172 -166 102 -211 -167 -294 -5 -228 -133 -186 -75 -243 -141 -237 -87 -132 -207 66 203 -234 -223 -56 -144 265 -61 -201 -27 181 174 57 209 51 -196 -2 -251 43 -192 80 -53
122 -195 -152 -34 -244 -191 -50 -99 -60 109 133 -141 -213 -202 -150 -98 102 -169 -173 -123 -13 -114 -217 -137 -124 -118 -271 -85 -42 -90 -185 -105 -282 -131 -66 -239 -287 -116 -5 -180 -292 -53 -83 -266 24 295 -263 -40 -190 -12 -16 197 -224 -1 4 298 -253 -94 -259 -39 -242 -117 -183 43 -63 -221
90 -37 -158 -176 -118 -261 -247 -259 -28 -291 -14 -199 -72 -122 -65 -249 -288 -195 -190 -159 -86 -252 -81 -74 -243 -220 294 -99 -285 -204 -94 182 222 142 -209 -123 -45 8 -208 -200 -258 -85 135 82 -84 -96 -143 -271 203
126 -272 134 -110 -93 -114 -146 -228 -43 -140 -157 143 -209 -213 -33 -260 -300 -53 -141 -197 -150 -37 -267 -67 63 49 -265 -193 -104 179 -127 -257 -89 -65 -135 -283 -120 -297 -249 -6 -271 211 -15 -281 -47 -39 -285 -124 -77 -166 115 -185 -14 -25 -218 -102 -266 -125 -4
49 -109 -293 -267 -126 -203 -261 -162 135 -78 122 -89 -39 -97 -159 -269 -227 -242 -53 -250 -295 -184 -129 21 -257 -210 -175 46 -146 -88 -277 -69 -223 -211 -248 -196 -284 -281 24 -217 -299 52 -44 -90 -179 -240 -180 -34 -280 -263 -132 -173 -222 214 -238 -273 -296 -75 45 -152 25
288 -190 -243 -182 -189 270 96 -266 -282 -68 137 -184 -281 -106 -206 -229 -82 -54 -269 -80 276 -104 -246 -194 -261 -199 -136 -64 -251 4 10 -44 -3 -63 -298 -133 -215 -219 -118 -51 164 -126 -131 -65 -223 -224 -157 210 -75 47 -163 -284 -174 188 260 -125 -212 196 267 -2 -250 -236 -43 -144 -143 -41 -34
268 -35 -46 53 -63 -293 -65 -225 -200 -118 -165 3 83 -184 -61 -226 -157 44 -58 30 -266 -104 -187 286 -103 242 -282 -21 -238 -168 299 -295 -143 -163 -88 -102 -176 -291 -73 -98 24 -243 -154 -156 -215 40 -85 -67 -166 -216 -232 -209
245 -299 -8 -124 -21 -96 -295 -40 210 -2 -99 -87 -90 -297 -168 70 -240 -131 -242 -257 -219 -4 -159 134 36 -48 -60 -239 -137 -170 -178 -31 -42 -169 275 -54 125 255 32 -234 -35 -154 -113 -187 -176 -200 -140 -9 -212 209 -11 -121 233 158 28 -276 -126 29 287 -271 -57 -228 -98
189 -53 -112 -8 -42 -116 -20 -129 -81 -233 -31 80 -185 -204 218 -73 294 -183 -295 -234 -292 -247 -297 215 -99 -225 -146 -154 -113 -43 -115 178 -79 -150 -84 -67 -143 166 111 -37 -121 260 -169 -72 -148 -15 255 -92
109 224 -115 -198 -153 -131 -221 -71 -181 -277 86 -69 -235 -193 -156 -296 -295 -234 -229 -163 -195 -279 -20 -129 -245 -36 -190 -139 -72 -78 -104 -239 -23 -80 -35 -263 136 -32 -196 261 -51 -257 -11 -180 -203 178 -52 -174 -85 -206 290 -67 -100 -112 -130 189 -297 -171 -246 -300 -175
6 298 158 232 -96 -57 -27 141 -29 -239 -219 138 -59 -133 300 -44 -155 -4 -63 -280 -279 -83 -54 -12 -225 -227 -132 -41 -76 -121 -290 -163 -162 -66 -243 -235 -122 -33 -116 151 -199 -52 244 246 -119 -14 -270 -17 266 -254 -136 -229 46 -32
118 75 -63 -290 -187 -54 -125 -276 -101 -136 -103 -188 -134 -267 -169 -85 -126 79 -200 -146 -201 246 -109 -133 181 -68 -271 -230 -132 -241 -147 219 -279 -106 208 -25 -272 -215 -263 260 -108 -43 -6 -285 166 -242 55 -140 -205 -174 -44 -196 -210 -48 -2 -86 221 -9 -135 -183 156 -175 -124 -38 -49 145
100 -41 124 165 -45 -162 93 -220 210 -164 275 260 -225 -95 -125 -5 -97 -177 -246 -271 96 -119 -297 -66 -146 -218 -26 -10 40 -84 -127 -32 -33 -67 -272 -184 -269 -44 -282 -208 -294 206 -136 -81 -122 -181 -267 200 -298 -150 -242 144 -48 -201 -155 -159 147 -24 168
60 -159 -181 -45 134 -86 -127 -276 -140 -160 -217 -231 -281 -196 -7 70 -62 -16 105 -195 297 -257 184 -46 93 -275 251 -173 35 -83 -122 -130 -69 -274 -171 -154 -201 -131 -34 -280 -42 61 23 -283 218 -188 162 -263 99 -36 -169 73 232 -88 163 -250 271 -41
150 139 -169 -1 204 -45 -106 -121 -111 -283 -152 -136 -19 -12 -102 -265 -178 67 -195 -147 -170 -211 -105 -205 -138 -127 -143 -280 -78 246 -73 -224 -74 -227 -29 158 -213 -236 -264 -33 86 95 -36 187 -30 188 -6 -217 -251 -235 -89 -200 -183 -161 -134 -214 26 -177 -75
96 -45 -174 -47 -207 -22 -66 -182 -8 -283 -24 -297 -23 -123 -153 -31 -216 -159 -185 183 -131 -51 -148 -124 72 -214 33 -70 261 204 -143 -260 -201 -99 -288 -108 -213 -41 175 -194 225 -16 -150 -211 -226 -49 -255 -238 -48 20 -258 -247 281 -166 84 -259 160 -139 146 273
165 -206 -199 -149 -174 -90 -4 -59 -252 -167 -222 -129 -43 -242 -298 300 -258 -291 -128 -34 -191 -3 -209 -58 -35 89 -127 -213 -273 -1 75 -296 -204 -266 -97 -239 -176 -23 -12 38 -290 -109 -62 -74 299 -18 68
95 -89 -20 -174 -249 -156 98 -182 -284 -36 -130 294 -266 -278 199 96 -60 -88 -286 -37 -265 247 -58 -163 -56 -252 -204 -205 -172 -131 -109 -65 -75 -166 76 -81 -143 -183 181 -253 -63 -217 -255 -5 123 -272 15 168 -288 92 171 -167 -146 -209 -93 -192 -213 10
55 -242 -77 -145 -43 -234 -252 -95 -291 -157 -269 -125 -38 -2 246 -165 136 -220 -96 278 -167 -103 -108 -3 -5 -79 -286 -180 -226 -144 -68 -151 206 -112 -140 -92 -248 -179 -265 -131 -73 -209 -16 -211 -249 183 106 -186 -155 -170 -81 -12 -35 227 -267 -32 -86 -277 -272 263
224 -33 -11 59 94 -7 -285 103 -100 -299 -223 -261 -42 -214 -96 -95 97 58 -64 -263 -9 -108 -278 -79 -219 -22 -178 -201 -237 -129 -207 -161 -191 -65 -153 -8 267 -197 -107 -159 -229 -69 -250 -131 -86 -185 -174 -194 -228 -121 -284 -115 -183 -105 -136 -158 182
198 81 40 -277 -214 -57 -2 -66 -93 -146 -185 -239 -12 -10 -53 -197 -275 -255 -257 -196 273 -129 232 -109 -204 -266 -117 -111 -173 -118 -72 211 -244 -256 -153 -219 -120 -22 -141 -3 78 -137 -149 -172 -233 -265 -201 -184 -134 -206 -83 -292 -195 -150 -88 -209 -207
205 211 -18 -176 -78 -266 -2 -27 -60 -225 -235 180 -207 233 -184 -15 161 -36 -156 187 282 -255 -127 297 -135 142 -16 -126 259 -139 22 -167 -261 -153 140 201 162 -210 -260 -146 -262 91 -170 -216 285 -217 -209 -219 204 -244 -234 -208 88 -254 -43 -37 -175 -250 -279 26
254 -277 -218 -293 -172 -294 -80 -124 -271 -216 -107 -93 212 -180 -236 -158 -246 6 -147 -102 278 -50 -183 -196 -113 -94 -40 32 -43 169 -255 111 -286 -119 -287 -135 -134 -24 -96 250 -35 -105 -291 -62 -100 -18 -75 -22 -249 -247 -264 -224 -68 -65 -85 -232 148 -177 -192 106 -231 -166 -69 39 -143 -11 -112 -123 -78
188 294 -71 -146 -273 -136 -187 201 -107 -238 -15 -211 256 -228 16 -123 -293 -102 -61 169 94 177 -212 -180 -33 -1 -75 43 -85 -88 -235 263 -284 -133 242 -62 -44 -96 -250 -206 13 108 -48 207 -254 266 -267 23 -255
175 -34 -177 -247 -234 -173 265 -166 -91 -134 -109 -280 -183 113 240 -207 -92 206 -227 -272 -251 -230 -23 217 -37 -24 -141 -49 -294 231 108 3 -211 287 -19 -99 -164 -135 -262 -132 45 -228 -179 -33 42 75 -46 -178 273 -28 -255 74 -201 -120 -171 -119 -157 -226 -285
63 -262 -114 -179 158 -215 -203 18 -46 -97 -157 -223 -287 -264 -124 -299 142 -152 -197 -156 -284 -297 -296 -136 -290 87 -86 -174 -34 12 -259 -111 200 -224 80 -183 -95 4 -27 -64 258 -162 -102 11 -135 -132 -69 -101 -107 -260 -115 -49 -139 -94 -74 -293 -23 -37 -170 189 -2 -227 -83
280 -284 -19 -106 -226 -18 -156 232 -27 -296 -177 -164 -264 -13 190 21 79 -114 -69 247 -139 -64 -262 -125 -8 -48 -249 2 -62 -152 -143 43 -75 167 -148 -44 -219 -7 -189 -236 -265 -293 -97 -294 -181 -159 -134 -187 -221 279 -267 131 -250 -32 -154 -182 -194 -77 -260 87 -223 -235 -49 -202 -30 -172
133 -145 -6 18 -122 12 -227 260 -235 -221 266 -234 -14 -104 -43 -144 -241 -160 -297 101 -298 282 -231 -192 -75 74 -137 -272 -33 -8 -203 -19 -245 -111 96 -67 -202 -278 -119 -248 -26 290 -63 286 -78 -196 -219 -287 -257 -105 -181 -194 -188 -110 211 -165 -291
94 -107 -210 -171 -190 -93 241 -49 246 -143 -154 -4 17 184 -173 -267 -256 -254 188 -288 11 70 129 -172 42 -59 -135 -179 -90 81 -9 -68 -199 -2 -114 -8 -150 -287 -132 -126 -26 -220 -34 -203 -155 -226 -55 -100 -73 -134 -212 -136 -162 -198 -156 27 -71 -122 -137
185 208 -239 -272 -44 -236 -242 -207 -226 -52 -105 -142 -229 -154 -70 -235 -202 -32 -245 -128 103 -214 -201 -284 -140 -197 -6 -294 -151 -11 -265 267 -47 -17 -81 -80 -145 -243 -275 295 -299 148 258 -53 -37 220 -152 -114 -107 -289 -40 217 -82 -233 -43 -298 -212
287 294 275 -283 37 -184 170 -126 -296 -199 -5 -196 -90 -63 -252 -34 -61 -123 -62 58 -222 -159 113 -165 -281 -112 -31 -67 -150 -76 12 -171 -272 -36 -110 -236 -241 -116 188 124 35 -13 -256 -268 -217 -190 -274 45 -201 -271 -197
108 -234 -131 22 -296 202 -18 -163 -24 -272 -37 -235 189 -177 -188 -271 -85 -233 -89 -57 -222 -171 -114 -270 66 -224 -219 -36 -205 141 -45 -87 -155 170 110 -295 -153 -77 -225 -284 -58 278 -41 -3 -173 -182 -133 252 -136 -145 -74 -200 -130 -127 -125 32 -70 208 -178 -103 -216
196 -14 -132 -30 -115 -15 70 89 -160 -82 -298 -178 -156 -183 -218 -129 -259 60 46 -153 -165 -265 -186 167 -201 -29 -220 -252 -203 -110 -223 -236 -164 226 -9 -58 -38 300 -169 44 258 -184 -161 280 -90 -102 140 -185 -174 -210 283 118 -211 128 -222 -98 3 -94
272 141 -142 108 -49 -228 113 -111 -287 -94 -105 -201 -161 -227 -125 -106 -43 69 -65 -197 -231 252 -280 -80 -300 -136 255 178 -188 -86 -3 -88 132 -135 288 -153 -39 226 -186 -234 -14 -298 -177 -251 89 -41 -119 -269 -246 -133 -140 -229 -236 -134 -148 -85 -72 -52 -42 -275 -206 -211 -61 -127 -193 -264
290 -190 -28 -8 -166 72 -17 -170 -297 -161 -63 -239 -157 -51 -287 180 -202 -81 -122 -134 -57 136 -66 -78 230 -154 -3 -183 -93 -232 -242 -150 226 -252 -18 -231 -46 -138 -162 197 -88 -125 -108 -135 -264 -79 -85 -7 -114 -5 268 -222 -259 -184 -96 -20 153
262 -219 -235 67 -163 -18 -257 -117 256 -27 208 -21 -230 60 -98 -121 -61 -134 -263 -119 -115 79 -187 -227 -150 -105 -278 -175 -55 -132 178 -110 -114 -42 -78 -171 -146 -123 -245 -169 -292 -107 -12 -125 -72 -190 -239 -94 -202 64 -282 -182 -20 -246 147 103 -76 -300 -252 140 -4 -52 145 -241
299 -237 -296 276 -179 -212 -152 -284 -280 -211 -140 -115 -210 -139 -93 -107 -250 -190 -122 -26 -287 -239 -60 -12 85 -192 -16 -129 -263 -89 -241 -171 -39 -84 153 -92 63 -67 -162 97 -215 76 -271 -69 -268 -183 -194 -166 -80 -66 -213 -196 -292 -123 -219 -75 -52 -202 -181 157 -41 205 -10 -135 259 -265 -126 -228 -49 -51 -253
163 -146 -298 -166 220 -51 -56 -74 -204 -287 -256 -199 175 -249 81 192 -57 -18 167 -135 100 -112 157 -15 12 -230 -60 -39 -174 -17 -267 -224 -201 -195 -219 -252 -177 -196 -82 -98 -137 -200 -4 -138 133 -180 -154 211 -241 -36 -286 -131 -234 -25 -123
135 244 -19 212 195 -39 -243 73 -226 -276 -54 285 231 -220 -201 -287 196 -262 -229 -93 -51 -154 -4 -269 -263 -266 -230 -145 -139 -108 153 -86 126 -193 -210 -206 160 -240 -142 -67 -50 -20 -25 -134 -101 166 -248 -232 173 59 -47 -277 -97 -2 140
100 -249 -101 -51 33 -264 60 -226 135 85 182 -30 -245 34 -201 -58 218 -40 -120 127 -279 -90 -184 -150 -22 -225 -234 -124 -161 -207 -23 -151 282 -153 -69 -196 -38 -146 -222 -232 -164 242 -5 -142 -276 -2 230 210 -289 -281 -8 -285 -70 -6 -62 -55 -297 -197 -95 -238 -102 -186 -183
222 -49 -196 -144 -121 -114 -275 -43 297 -190 -193 -4 75 -147 -232 -3 -103 -221 -180 -241 -250 238 -247 -227 -16 243 -289 33 141 -130 -191 -128 -45 -113 -69 -71 27 -212 -291 -205 102 15 -169 -283 -99 -54 224 -244 -11 -58 -231 -203 284 118 -47 -44 -78
122 -267 -84 -190 282 -193 -28 -242 -219 -240 -207 -255 78 -213 -147 46 -18 -247 237 -29 -126 -245 -20 226 -272 -244 97 -250 -41 -73 -14 -144 -154 70 -127 -34 145 206 -291 195 241 -89 -27 -204 -277 -3 -50 57 -232 -17 -65 -257 -205 -13 -39 -254 -32 -289
2 -7 -80 -128 260 -261 -139 -116 -47 -205 -210 -269 -38 222 -198 -26 -159 -259 -22 -84 -165 230 -215 -225 -274 121 251 -297 -147 -97 -275 -104 -174 -50 -149 196 226 -18 -300 -90 -170 -25 -115 -132 -283 240 268 -45 41 -134 173 73 -11 -247 -98 -15 136 -120 -254 -123 271 -294 -78
291 -249 273 -85 228 -108 -189 -138 -187 -117 -159 -168 -45 -3 -229 -282 -72 -297 -144 257 109 -186 -31 -59 -18 -100 -247 -99 78 -17 -98 -36 -191 -1 -145 -137 210 154 -163 -204 -84 -243 -14 -165 -278 -54 -199 -46 64 -120 96 176 62 -207 -133 119 -255 -47 -67 101 -218 135 -13 -271 -143 -196 -141 -44 -87
218 217 -164 -197 -25 -174 84 -284 136 -215 -64 -145 -85 -101 -92 -150 -228 21 -28 -73 -159 -68 -63 -39 -109 -196 -243 -86 -74 -236 -66 -280 -37 -99 -119 -198 -248 89 -276 -177 -75 -42 200 70 -181 34 -38 -176 -115 -102 114 -78 107 -57 -36 -44 251 -281 -209
240 -265 -56 -192 -196 -271 -107 -142 285 -268 -103 -52 -275 -22 82 -273 -216 -260 -249 -49 101 -269 23 -227 -178 -74 -267 -234 -83 -281 -187 -252 -21 -277 -172 -135 193 -79 -184 -92 -157 -36 -60 -255 -138 -75 -282 134 -117 -141 -20 -53 -68 -243 37 -13 -254 -284
75 -296 -20 -140 -216 -292 -276 289 -48 -86 -275 -132 -176 -126 269 -165 -188 -127 -156 -65 38 -115 -184 -293 42 -111 -231 -2 -25 -249 -10 -108 -175 -265 -49 -195 -170 -18 12 173 -145 -79 -258 -118 -225 -193 19 -221 -254 107 -208 -34 -141 124 -264 -201 55 120
276 44 -263 -144 -13 -55 -109 -191 -284 -23 -51 -38 -135 -96 -237 -299 -184 -111 -113 91 -232 -196 190 -1 -61 -145 78 142 29 -114 150 -106 -120 -216 -197 40 -58 86 -66 -274 -59 -172 -67 -159 -84 -298 282 -64 -125 -2 -269 -28 -90 -63 285 -83 -233 221 -72 -275 -35
48 -103 -87 -170 -246 -275 -110 109 -192 -142 -293 57 -167 -98 -213 -195 299 92 -240 -99 -201 118 -37 -111 -187 -159 -4 -274 -266 144 -166 229 -122 -289 -232 -226 -24 -260 -27 283 -150 -282 -106 -154 -220 -14 -23
188 -208 -202 -151 -257 -232 -51 -230 -14 -157 -218 -295 -148 -117 -127 9 250 -235 -161 -29 -64 -244 -268 43 -160 -106 41 -167 -101 211 -42 -128 -282 -210 -124 -223 -136 -204 -299 -123 -290 -219 -205 194 -86 -175 -197 -131 -193 -253 -138 -115 -66 -275 88 -4 -100 -281 217 56 108
84 -272 -11 -207 -145 -152 -2 -240 117 -48 -64 -58 -252 234 -178 -67 -250 -230 62 -156 -35 223 -296 -39 -108 -94 261 -175 -281 -5 -166 -275 -114 -119 -27 -266 231 -194 -297 -18 -189 -86 -74 -34 -211 -136 -176 -222 188 47 -219 -147 172 -107 -200 288
238 110 3 -138 -199 -296 -137 -271 -63 229 -50 -277 12 139 265 -71 -35 -127 274 -186 96 -262 -42 249 166 -158 -230 -176 -60 -228 -268 -73 17 -298 -123 -13 -297 -7 -292 -102 -55 -116 205 -214 -56 117 -95 -145 -177 38 -9 -81 -65 -196 -161 -254 104 -180 -85 -94 -240 -239 -131 -218 -193 272 -58 -175
80 -265 209 -169 -167 -20 -46 -235 -276 -229 -268 -298 238 -7 -271 -254 -102 -113 -49 -257 -193 -152 -273 197 -60 -150 -163 -186 -89 -296 226 -292 54 -190 -42 99 -41 -171 27 -274 221 -75 -185 -290 125 -168 -151 -220 -103 -82 -279 -177 -130 -2 -281 -118
189 -174 -172 -284 -269 -186 175 -132 -71 -34 -193 -268 -299 142 -297 -36 -226 -143 -23 84 -176 -114 242 -115 -79 -44 -147 97 76 135 -288 -20 -157 -292 -280 -211 8 -210 -127 -236 -128 -241 -215 -4 264 -123 33 -245 -46 -300 -190 -15 257 -207 -131 -206 -11
203 -191 -42 -114 -196 -138 208 -75 182 -65 -36 186 -44 -113 -25 -234 -118 53 -223 -163 -264 -131 -19 177 -215 -72 -194 125 -253 -178 -228 133 -5 -91 -226 -209 -279 71 -189 -275 -261 63 -247 -95 64 -156 -245 -100 -55 -61 76 33 -174 -132
19 10 -14 -227 -244 -261 222 -146 -52 -1 -77 -272 -300 49 45 -41 -179 -20 -67 -23 -248 -124 -48 -37 -68 -149 141 214 -215 -145 -276 -281 -69 -266 -199 -282 -186 163 -241 -7 -132 -240 -197 -298 -53 -245 -32 -95 -274 -78 107 -169 -187 -221 -106 -55 -125 -65 -299 -185 -131 -75 -288 294 182
150 -155 -75 -89 -248 122 -191 -174 252 -70 -55 -69 -152 -219 -78 -79 -288 -175 -81 210 -104 -212 -159 -215 -182 -34 -153 -49 143 -115 249 -230 -282 -278 -12 -293 -36 146 -295 -9 -128 -279 -275 -241 236 -91 -196 -276 -116 -7 -113 -23 -163 -237 -105 258 -1 -151 -140 68 13 121 118
248 98 -69 -228 -18 -45 -154 -108 -204 -165 -241 -199 -200 -46 -283 -118 -210 -104 -132 275 -127 17 285 -27 -208 -43 -19 -128 -213 -21 -290 114 -209 -176 -112 -90 217 -296 -169 -33 -4 -215 -172 -151 -96 272 253 -293 -188 -270 156 150 -235 -218 -55 -262 -53 155 -143 292 95 192 -24 -50 -277 -16
79 -96 -95 -152 -260 164 -251 -8 -108 -47 -142 -172 -203 -217 -136 -109 -114 -53 -210 -162 -130 -103 -71 -275 98 -276 90 -232 -67 127 -62 -27 -167 -173 -150 -50 -178 -19 -213 -7 -223 -294 -33 -185 105 -281 -240 102 287 -290 -51 -25 -4 -192 116 -139 -16 -57 -208 -133 -233
216 -129 88 -194 178 -289 -257 -238 -81 -46 -67 -8 -87 -203 -16 -171 -169 -180 -172 -192 -77 -173 -53 -52 -126 -162 -152 248 54 -70 -26 -19 -225 -18 -190 -125 150 -272 -93 -14 -156 -151 133 -57 -206 -266 -68 -160 -121 -193 -140 17 75 -139 250 -94 -143 -43 50 -294 214 -224 -278 182
95 -57 -97 -239 -54 -183 -152 -207 -33 -149 -230 -24 -129 -84 61 268 -208 276 -68 80 15 -25 -19 -173 -107 -241 -85 -296 21 294 -111 -140 -235 -174 -219 -280 -176 -128 -155 -299 -218 -110 281 -125 1 106 141 -259 -132 -69 -216 -227 -14 -198 -48 -82 -180 -192 -112 -204 49 -124 -158 -153 -214
276 -229 191 -227 293 -264 -228 -258 -257 160 -50 -37 -94 -143 -89 -180 -246 -117 -71 -95 -211 -150 -55 40 -261 212 -271 -102 -129 139 -158 -179 -187 68 107 -118 -253 -58 -18 -159 -70 175 219 -124 -274 -203 101 63 270 100 -178 -265
211 -109 -244 -184 279 -79 -120 -28 -177 -235 -220 123 -10 38 -210 298 -258 -183 -266 -61 -227 -157 -187 94 -152 -43 -2 -106 -293 -230 147 295 241 -78 137 -70 -54 -3 -16 -148 -99 -143 -53 -46 146 -269 -171 -128 -261 -133 -247 -47 -64 -161 -203 1 -219 -18 -185 -41 -131 -50 -154
197 -191 -90 -4 77 -243 -185 -249 -139 -98 24 -255 -31 -32 -284 -89 179 -287 53 -104 -21 -71 -220 -130 -178 -277 -108 109 -293 -177 60 -120 -44 -168 -78 142 -126 -62 -242 -282 -246 -57 -41 -265 48 -58 -254 251 260 -222 199 17 -210 -298 193 -196 -232 -269 -22 -227 -82
274 -288 292 -66 -193 252 290 284 -104 -32 -109 -133 -28 -178 214 -285 -257 -271 -195 -102 -48 -4 -9 -74 -47 117 -226 -175 -248 -123 -65 -272 -296 -60 -127 88 -122 -184 -229 84 105 -281 219 -85 165 -245 -196 -54 -298 -73 -237 -26 156 130 -155 -259 -69 168 258
115 -189 -236 -90 13 -196 -195 -39 -292 -148 -277 181 253 -10 168 -62 248 -202 -129 -32 -242 229 -135 -68 -291 204 69 -147 -237 44 -81 -120 -98 -30 -284 -84 -213 -258 -199 -178 -109 -15 -22 -7 -185 159 164 -29 -106 -190 175 198 49 134 -268 -166 -50 130 -274 -139 41 -288 -67 -117 -271 -65
269 -215 245 -178 -12 -147 -106 -273 -90 -117 -239 148 -130 -296 -285 -188 112 -100 -72 -207 -258 71 183 -195 -284 -264 -23 -34 -78 238 -9 -242 -5 -53 -92 -109 -191 -45 -181 217 -202 -65 220 -169 -268 -96 199
124 -205 -248 -61 -88 -104 -225 -214 -114 -280 -231 184 -10 252 -294 -250 36 -163 -63 -28 -296 -264 -116 -213 -27 272 -92 -229 -69 -195 -65 -1 -230 -178 -274 -106 -58 -258 79 -16 -297 -201 -53 -103 29 -259 -238 255 -189 -176 -289 -166 200 -93 -144 98 156 228
298 278 -88 -155 -59 -173 -276 -83 158 -255 -282 -221 -50 -46 -36 -122 -272 -22 -75 -68 -296 71 299 -49 -162 -222 214 -31 40 -55 -203 -73 30 -112 70 -264 -171 103 -160 -126 -210 -248 -16 -48 108 -117 205 -249 69 -135 -293 -242
51 97 -185 -276 155 150 -289 -197 41 6 246 -77 -221 -158 -130 154 44 -39 -36 -98 -120 -40 -73 -145 -194 68 -146 -90 -210 -117 96 -277 -179 -43 143 -261 -55 -288 152 -128 -274 16 -282 -298 -230 -173 118 -260 -7 -71 -171 -134 159 -54 -53 -166 -100 169 -91 -270 -273 47 -199 -252
41 -148 18 -213 -153 -207 -195 -285 -16 80 -36 237 -101 152 -228 -292 -220 -182 -206 -208 -201 -268 -296 -283 -227 -4 -294 -167 -198 -279 2 133 -149 -33 -56 -270 19 -105 -143 -290 -282 -129 -278 -151 -255 107 -185 -60 -230 -50 -134 109 -65 193 -267
166 84 -188 -13 -224 -90 237 -220 -189 -19 -177 -223 -61 -182 -121 -268 -169 -104 -256 -184 -252 -15 -42 -9 -66 -25 -200 -55 -271 -286 -179 -202 -201 -17 20 -208 -50 -285 162 -227 -36 -211 -194 -8 -158 226 -130 97 -240 276 -203 -4 -45 -245 -89 -206 -18 -57 118 187 63 -7 294 -37 -300
79 -159 -36 -74 -170 -294 -203 201 -245 -171 98 252 232 -29 -68 -205 -209 97 -295 -180 -45 -136 -237 -54 -279 -179 116 222 -291 -114 -289 -108 -123 -100 -132 -67 -43 -163 -262 -263 -117 -226 -4 -19 216 120 -213 -277 -240 -155 -161 -105 -270 -281 176 33 144 47 -99
213 -20 -254 -214 153 -287 -84 -149 -199 -128 -50 -68 -174 -72 -220 -224 -98 -66 -270 -94 -291 65 -148 256 85 -45 -243 -244 225 -59 -106 -16 -205 8 47 5 -286 15 -130 -210 -156 -190 186 138 132 -242 -126 -117 -116 -18 -193 -113 -42 111
151 -104 162 -173 -180 -202 -171 -28 -66 -150 -148 -128 -297 -215 -12 -133 -89 -199 -13 -241 -79 252 -153 189 -196 -270 -108 269 -68 -2 -111 -201 -101 175 -127 -91 -168 -80 -5 289 282 -121 -259 -123 39 -23 -99 -82 102 -177 -49 -116 139 -152 74 -96 -225
66 -259 -32 -208 -26 236 134 -51 214 -28 -7 -216 -41 -72 127 -167 -85 -2 49 -70 -170 -63 -138 -228 187 -71 -159 -68 -166 -23 -217 -33 -137 -3 254 -97 -95 -212 -248 13 -256 185 -219 272 69 -99 -295 -266 -80 -129 -282 -62 -181
89 -280 -112 -212 -72 -39 79 -290 -81 -296 -59 -242 -277 -47 -278 -15 -44 -161 -258 -29 -208 -263 -88 -246 -125 -166 -193 -197 -57 -42 284 -97 -36 -223 70 288 -21 34 294 -283 -140 -64 -220 -45 -43 -131 -129 -271 -181 144 151 -51 -235 -126 264 -254 121 -73 -80 -105 -116 124 -138 210 -286 -230 -117 -172
123 -195 170 -64 -191 -50 -110 -53 -260 -228 -47 138 259 -115 -93 -106 -59 -184 299 -213 -88 -161 -30 -160 -300 -222 -125 -197 -262 200 28 -121 218 -96 210 -174 -298 -254 -35 -111 113 119 -277 -294 -209 180 -142
51 -258 -44 -232 -263 -105 -204 167 -238 -15 -11 -24 -213 -256 106 175 -215 74 -192 -89 -169 -130 268 -252 30 -60 -283 -54 -113 -207 -135 62 218 3 244 49 102 -131 234 -183 -171 -245 -262 37 -297 -138 145 -269 109 -86 -80 53 -221 -294 -7 -1 194 209 -260 58 -90 -170 -217 -210 160
237 -229 -278 -2 -265 -50 -255 -283 -80 -164 -242 -104 -77 -115 -296 258 -71 -111 -45 -196 -195 -60 103 -275 -41 -232 -84 -140 -29 -139 -4 -35 -235 -97 12 -74 -141 -48 -7 -136 -106 -274 -202 -287 -23 109 -239 6 227 -121 -207 -110 -206
1 -52 -292 -50 261 -144 213 -29 -260 -113 -105 -119 -64 222 210 -199 -92 -79 -157 23 -230 -195 -298 -178 -106 -158 -217 -72 -78 -190 -176 -166 -221 -68 -109 -54 -300 -94 -192 -101 -141 -290 -183 -207 -91 -138 -55 -266 -182 -216 -12 -76 188 -24 -21 -118 -8 -27 -258 -218 -140 96
8 -146 -153 -46 -94 -197 -229 -259 180 -244 -257 -263 -271 -265 -278 268 292 -73 -196 -78 130 188 -84 -21 -211 222 -124 102 277 173 213 -116 218 -293 -49 -228 274 -118 -149 71 96 -223 -176 -284 -166 -5 -86 184 -137 -36 -87 -65 -281 155 -187 -243 -266 169 -276 -298 -270 194 -121 -215 -294 -251 -76 82 -55
266 248 -207 -193 24 -68 -106 -184 -272 -183 -100 -186 -241 -91 254 -69 -148 -208 205 -28 -33 -82 -35 -141 -9 -101 170 -221 -156 -222 167 -265 -291 -239 -209 64 -217 -66 -153 -2 23 102 -274 -114 -227 81 -261 -146 173 -242 213 -191 -181 116 -32 55 -147 -140 -223 -299 1 -130 -271 -275 -136 -38 -138 -11 -71 -294 -129 -104 -44
280 -232 -154 206 -11 -48 -104 -115 -204 234 -283 -46 -108 -150 131 -60 -266 -249 -168 -271 -49 -66 1 -80 -267 -128 -288 -90 194 -165 -95 191 -155 236 -172 -35 -7 -18 -233 -176 -69 -238 -109 -199 -256 -292 -282 -136 118 -276 -3 -139 -225 -254 -260 -78 -171 53 -77 -179 -177 -145 -10 -130 -17 273 -219 -286
137 -145 -277 49 -85 -1 -186 -77 -213 -269 -67 -139 -281 -196 -26 241 268 -15 -287 -258 -254 -110 162 -246 -116 -68 231 -141 -275 -21 119 -102 -148 -29 80 16 -76 129 -280 222 -203 -214 -300 -171 -121 -238 99 -131 -90 -172 -155 -19 -190 -154 -79 286 -143 -224 -207 -204 -39 -264 -43 -95 -165 292
110 291 -68 -124 -135 -275 -149 -294 -218 -48 -249 -136 174 -223 -76 -293 -178 -211 -38 -216 -273 -240 -204 242 -210 -138 21 -103 -81 -224 -82 -225 233 41 -90 -268 -61 -187 201 -251 -115 -279 -100 -85 -151 -10 -186 -147 -40 -260 -139 -52 -80 -131 -6 -47 175 -16 -53 -95 -42 108 -15 -154 -137 -207 -239
173 -96 153 -24 -71 -20 -161 -183 -150 -35 198 -228 -148 -248 -175 -184 -138 235 -33 -163 -6 -146 -26 -262 -266 -31 -160 -136 295 -101 -239 -135 -43 23 -261 -13 -123 -172 -5 -190 -224 -284 -94 -225 -267 -76 -218 -289 -166 265 -78 -145 -128 -243 116 -179 -168
201 -186 86 -202 -169 -132 -290 227 -94 -300 -240 17 -46 105 -241 -118 -122 -175 -8 -239 -196 -25 -284 -107 -222 141 -50 189 -40 -97 214 -127 230 262 92 -58 18 -299 -15 -145 13 -250 -279 -233 157 -98 -77 -103 -134 -36 -237 -155
228 -71 -7 -96 -264 27 236 -18 -134 -86 -55 -101 -73 -159 -3 64 -244 -273 -226 -156 -116 -271 -158 146 -294 25 -65 238 -265 -181 164 -106 229 -241 221 -277 210 -68 28 163 -112 -54 -196 -46 -182 -239 -93 -53 -186 -45 -295 -145 -165 192 -107 -30 -119 79 -263 -87 -256
