198 -295 -139 -111 -6 166 -294 186 -59 -52 290 -34 -35 -208 -94 -132 31 -75 204 -165 -95 118 -54 -20 -154 -113 -101 -187 147 -279 -38 -226 -145 -268 -228 -267 -30 -292 -213 -56 -42 -51 -296 -235 -274 272 126 259 -169 -255 -86 -112 -129
32 -232 -169 -250 -74 -262 -93 -258 -55 -113 217 -12 -96 -172 -118 -90 9 -73 15 -182 -154 282 24 212 259 -42 233 -180 -274 264 -119 -43 -6 219 -141 -294 -10 -129 -54 -127 150 237 -240 -191 -146 -230 128 -287 251 -106 -179 -137 -205 -187 173 -223 -254 -22 -208 291 -50 -45 -95 -202 238 -286
75 -217 -81 -245 -17 -26 255 -246 -14 218 -190 -187 144 -58 -244 -23 -155 -253 -85 -169 -183 -195 -161 -200 300 114 177 -63 -236 -228 -290 -101 -263 -36 -274 -207 -194 -295 -37 -287 142 99 149 -197 -232 -112 -22 243 -148 145 -193 230 -117 116 -87 -65 -109 -252 -119
282 -261 190 -77 -101 -201 -249 94 -269 149 215 283 -76 219 247 -181 -275 -252 -183 -107 -29 -270 -204 -284 -1 -88 -148 45 -213 -67 -184 154 -199 164 -55 -217 -81 250 -265 -276 -39 -152 -115 -291 -222 -15 61 -62 -197 260 40 -89 -135 -60 -228 -14 -129 -124 -240 92 -237 -137 -188 -155 -205 -2 -192 -189
86 -242 -286 -57 -29 -102 -52 -196 -62 -145 4 -54 -7 9 -87 -298 -156 -246 -85 -175 -224 -293 168 -139 -278 -72 -19 -213 -3 -112 -162 -262 -151 -118 -230 -142 -60 -165 -21 -229 133 -11 174 -192 -91 212 -285 172 -97 -116 -251 164 -126 -144 177 -130 -12 -35 266
223 -291 -81 160 -197 -75 -76 -109 -297 -170 182 -17 -180 239 -176 -119 -234 -123 -241 -72 -8 -281 -128 -41 -57 209 226 -59 -159 -20 -96 -210 9 -120 298 -71 251 -178 -207 -31 -60 -215 -165 189 -14 -183 -222 -139
123 -17 -291 277 -184 -101 -125 -132 60 -4 -143 -270 -142 -10 -104 -14 -238 -263 246 207 -41 -189 -159 62 -290 -103 -281 -161 -163 -129 -295 -153 -206 -267 -268 -264 -254 -171 -87 225 -231 80 -89 -300 -287 147 77 -172 -283 -178 -26 -191
220 168 -211 -84 -115 246 -270 -176 -94 -49 -183 -74 -214 -139 -50 -164 -293 -86 75 -231 56 -154 -227 -181 -195 -19 -283 -167 -140 188 133 -9 285 -159 -151 -66 83 292 -81 11 92 -21 207 -299 147 -26 -271 -178 -17 108 -239 -82 -251 -12 110 -47 219 -240 -18 -123 -238 -45 -89 -265
8 -170 -137 -180 -116 -23 -240 278 -263 -62 -162 -11 176 -127 -15 -106 132 -181 -122 -146 -75 -219 117 -104 -203 -82 -202 -136 -89 -199 -276 -32 -244 -223 134 -150 -183 -94 -39 231 -92 -283 125 -163 -37 -119 -30 121 -109 -43 -173 -42 -25 261 -294 56 -268 108 -87
274 -52 128 -135 -295 -224 88 -190 -93 -165 -49 -143 -34 -168 -101 -172 -258 -31 -98 -108 119 -47 -297 -193 -279 -150 -161 -115 -229 -64 -127 -191 -37 80 -73 -23 -206 -202 -1 -248 -131 -154 -134 -105 -132 -112 -53 -232 267 -48 -40 -66 -54 195 211 148 -192 -138 33 -217 -199 -72 -10 -277 -118 -14 -29 -147
108 -22 -221 -175 197 -123 -24 -157 219 106 -208 -265 -96 -171 -54 -262 -143 -295 -82 254 -145 -14 6 -241 -252 -174 -84 23 -133 -231 -237 -140 -67 -294 -48 -144 -153 -93 -173 127 178 -15 -240 210 204 -234 -10 -188 -77 -61 -176 -62 -203 -152 -98 -32 -20 41 -52 -290
30 -179 -171 -63 249 174 -248 -27 228 -195 -204 -60 90 -169 -292 -17 -242 45 -117 -1 -263 -83 46 -33 -37 -226 -62 -230 -140 -65 -247 -111 -95 118 -278 -213 -239 -103 70 -237 -258 -153 -173 -286 -232 67 -88 -78 -291 -268 -156 -222
268 -102 -13 139 -176 18 -298 -3 -95 -259 -187 -89 -86 -113 -39 2 -32 -109 -4 -42 -49 -136 -50 287 -203 80 -213 -242 -238 235 -253 131 -52 166 277 -177 -205 -90 -151 -138 -180 200 -1 -299 -257 -55 -286 -14 -37 -263 -19 -63 -12 -62 -283 -255 201 -194 -112 -74 -30 40 -54
239 -27 -183 -271 -267 -215 -113 253 -122 174 260 -214 172 -114 -81 -245 4 -58 207 -261 -89 244 -141 -134 -190 -272 -182 -128 -124 -52 -255 -198 -21 49 186 -87 -142 -166 78 -24 -147 -2 -157 -205 47 -160 -222 -203 -69 -177
68 -12 254 -265 -18 -105 -146 -67 -297 -117 -53 -272 -244 277 -285 -60 -299 -113 -235 -54 129 -44 -64 -21 17 -57 -169 -78 -296 -6 215 -134 16 -63 110 -220 -116 -97 -206 -290 -49 -70 82 -13 -98 -252 -195 -83 -229 -178 -156 -43 -33 -118 -140 -66 32 -48 -111 -173 -65 192 -23 2 19 -167 -121 -283 -233 -61 -288 -189 -249
233 -252 -225 -4 -168 -82 -156 -192 -83 -235 -42 -124 -30 -174 93 -279 -169 -151 -285 -121 204 -89 -270 -297 -76 9 -230 -52 271 -227 -92 197 -108 -199 -47 176 -13 91 -281 17 54 102 -167 -213 -73 -29 -59 -128 -209 -45 274 -50 -154 -296 -15 -40 -66 -282 -34 -269 -191 153 -280 -6 -162 -248
295 -66 -191 -269 204 -137 -145 -70 -46 -198 -170 -151 -172 263 -101 -246 -99 113 -299 62 142 -93 -133 -20 -3 -240 -283 275 -76 -141 -40 -115 -111 -91 6 -241 -14 183 -211 -59 -222 35 -18 -147 -148 -253 -249 5 -271 -87 -95 -165 -82 -152 -255 -4 -11 71 42 -2 -131
200 150 -16 -238 -243 -262 -283 -249 -65 -228 -234 -133 -269 -172 -208 -91 -233 -171 -20 -36 -255 -205 274 -193 -121 -39 -82 -125 -168 237 -211 -138 -34 -130 -285 -155 -110 -14 -43 -198 -254 48 -126 -145 -180 166 -271 -253 -146 -81 -134 -295 49 -189 -239 247 -299 -99 246 -258 -102 -74 -27 -300 139 -40 -282 -175 273 -31 -122 -15
96 -23 -226 -239 -98 -150 -205 -154 -105 -89 -27 157 -73 -68 -100 -258 -79 -155 -271 113 -9 -65 -147 -186 -192 -269 62 -272 -250 -39 -270 -137 70 -12 267 -166 -123 -81 -111 -195 -206 296 -42 -158 266 284 91 118 -58 -282 -25 -103 -94 204 -148 236 -71 283 -238
207 -250 -41 180 -247 -283 -69 -58 265 -52 -258 -32 -67 -183 -29 -135 204 -53 -24 143 179 -267 -257 -178 -227 -152 220 -115 -199 -298 246 -253 -160 -111 -109 -37 -126 -10 -75 30 -50 -191 -9 202 -229 -133 -74 -285 -264 -221
87 -238 -79 -292 -256 -39 -210 -17 247 -15 -2 -32 -172 -194 -269 -293 -23 -27 -29 -69 -218 -219 5 -197 -208 -176 -272 -12 -52 -80 -90 175 -257 37 179 -296 -25 -78 -96 -184 -183 -297 -209 -275 -74 -122 -216 -207 -149 -135 -113 -288 155 -112
195 -185 160 -24 74 -280 -203 182 -254 -94 -10 -58 -232 13 -88 -161 -172 -28 -148 -27 -141 -233 85 108 -199 -112 -109 234 -43 35 -251 -101 -231 -210 4 227 -63 -78 191 -22 89 75 -111 -54 -164 98 -49 -275 -1 -71 124 50 -31 -243 -257 -277 -187
294 -268 -251 -113 -209 151 1 -158 -114 -145 -127 -66 -221 -237 -42 -71 -38 -23 119 -259 -205 -257 -203 -117 287 -267 101 -265 -235 130 -260 -190 -291 -166 -236 -228 -50 -111 -135 -194 -225 -82 -155 -47 44 136 -45 -137 -180 153 -53 -161 -286 292 159 181 -154 -227 -208 -28 -210 298 -278 75
66 -275 -116 -177 -5 -146 -134 -38 -81 -200 35 -243 -138 -290 294 -218 -9 -155 -236 -184 -188 -194 -181 166 -103 -131 -272 -102 33 269 -67 298 -149 -119 -12 224 -234 -50 216 -121 -136 -158 -203 -148 -98 -39 -27 213 179 82 -65 -210 -292 -26 3 -72 -24 -227 -260
299 -272 -153 -70 -169 249 71 -254 -72 -250 136 -6 -146 -14 -93 -283 -28 -223 -138 -124 -202 -131 258 -23 77 -204 -170 -44 -119 -270 -19 266 -201 -97 -167 -100 -174 -122 -112 -300 -176 -31 -65 -216 256 15 -215 -192
20 -3 -2 -226 -204 100 -271 -60 -21 254 -5 -72 -114 -186 -9 -296 -240 -166 -47 -1 110 26 -298 -54 -119 -27 155 233 -46 287 248 -187 -158 -8 -6 -64 28 -103 -159 -172 -95 -125 -199 276 -239 -130 -83 86 -121 -169 -92 12 101 170 -132 -224 -49 124
39 -120 -164 -279 -122 -222 -191 -90 -63 -212 -247 -16 -252 -79 -262 -99 -112 -269 -202 -152 -173 -205 98 -140 3 -138 -165 -194 17 300 -158 -86 -240 -6 -125 156 -208 -264 -13 -29 100 151 292 -15 -127 -260 -253 -238 168 -233 130 -167 56 -74 -123 -67 -131 -11 -192 -270 -76 -237 -182 -128 -10
182 -210 -121 -95 -134 -31 -286 -236 -58 -15 -212 21 -7 -246 -72 -287 -97 -276 -66 253 -32 -190 -256 -300 203 -202 -178 -41 34 -259 -152 -59 -42 -274 -36 -28 -140 -289 -120 23 -180 -48 -52 3 -219 -193 110 -188 -96 -26 -165 -132 -85 161 -145 -109 -123 -214 81 -35 -131 -56 -294 -43 -279
40 -5 -52 135 -261 94 2 156 43 48 -123 -85 -41 -209 36 -199 -179 -291 279 -222 -50 -110 -207 -91 -201 -202 3 -150 90 -24 -284 -173 -67 -253 219 -147 -57 226 184 -58 -53 -167 -107 288 -292 -142 -140 -259 244 -296 -44 79 -277 -34 191
238 -172 -10 -58 -59 -205 -106 218 -40 46 -93 -204 -195 -20 -164 149 -113 -277 290 39 -48 -66 -103 29 -198 -289 -55 -31 -30 -226 -211 -300 -75 -76 -87 -105 -179 -37 140 -51 -110 -162 -280 175 -251 -5 -38 -244
198 255 -109 -275 -197 -220 -139 -157 -24 -153 -62 -106 -242 -204 -205 8 54 -97 -77 46 -85 111 69 174 -13 -194 -127 40 -196 280 -175 -180 -129 -298 -210 -227 -219 -201 -81 -64 -202 -166
8 6 -222 -224 -165 -64 -221 -276 123 -219 -141 -71 -136 -180 -37 -154 -70 -44 -230 -76 -92 275 -29 -151 31 -253 -294 -115 -39 -74 83 -135 -277 103 -118 69 49 -75 -243 -234 -94 -197 -209 -32 -238 142 -16 241 -88 -79 287 -267 -25 -3 -96 132 -11 -42 -85 -5 -129 28 -196
282 -235 224 -158 -98 -102 -298 -227 -86 239 -144 -151 -88 -99 -287 -95 -55 -154 -270 -48 100 -83 -21 84 205 -61 231 -6 -251 -39 -153 -222 52 -117 265 -266 -28 -183 -7 -236 -131 -272 -146 -215 -269 -165 -294 -64 -3 -87 -16 -13 -209 -80 -226 -2 -68 -284 -124 -189 -252 14 -40 -125
2 268 -189 63 -108 -22 -206 278 -129 -237 -191 258 -262 139 -64 100 -24 -161 -160 236 -97 -120 -217 132 -253 -163 -45 -251 -3 -7 213 -127 -228 -107 240 -186 -265 187 28 203 -256 -225 -185 -209 -44 -216 -176 -9 -27 -109 -78 -174 -36 -29 125 -288 -79 -147 -242 -26 -103
92 1 -7 -105 3 228 -173 -57 -6 -203 -234 -112 -259 219 -39 -47 -168 -5 230 -148 -138 -291 -289 -186 -124 -2 -181 -221 -242 -194 72 -130 -64 -96 -97 -152 -147 -79 -46 -55 95 141 -73 -120 63 126 -225 -71 -58 -136 294 -34 -70 -158 -298 -153 -262 -67 -208 263 -295 -84 -218 86
299 229 -150 -145 -113 -99 -4 -219 163 -103 -53 -118 -281 -25 -162 -83 92 255 -226 199 -112 -38 -283 -94 146 -265 -17 -180 -293 -256 109 10 3 -284 -242 -68 128 -133 -172 -154 -210 -34 179 -36 -221 -279 -233 266 -282 -243 -280 -116 -249 -268 -178 -288 -66 76 -105 -107 225 -155 -257
194 -126 -273 -220 283 103 -173 28 -190 19 -112 237 -241 -20 -24 -41 -215 -290 -206 -243 -42 -181 -174 -229 -57 -67 -51 233 45 208 108 -257 210 -140 -205 -167 -191 -267 -171 -260 -15 -256 -6 157 -236 -7 21 -55 -80 -44 -214 242 -176 -192 -3
129 -182 -259 -223 202 -58 -52 -144 -258 294 126 170 -147 192 7 -256 -183 191 -254 -109 -244 -44 93 -168 -178 -263 151 -274 -85 -228 -74 -198 -91 -106 -51 -297 -119 -98 -251 13 -150 54 -143 -82 -230 -157 -55 -193 -140
153 172 -201 -184 -163 -30 -166 -162 -43 87 -68 -143 -61 262 -180 -234 -207 -215 -296 -59 -106 -24 -249 -286 -200 -159 -216 -181 -76 -154 -192 -288 -116 -114 191 -213 -194 -256 -146 -11 -98 127 -22 -46 253 250 -44 -245 -281 -277 -27 -151 -139 -198 -248 -202 -65 88
273 -119 -93 -84 187 -86 -69 -115 -137 24 -39 -163 281 -76 -67 -102 -120 -133 -36 2 -85 -16 -91 -219 -9 46 -83 232 -213 -17 -218 152 -147 -192 -259 212 209 -297 -155 -174 -205 -224 -207 -251 -32 -49 -110 280 -241 -10 -299 -122 -197 -138 -234
159 -130 -274 -127 -121 -170 -277 43 -204 -89 -205 -248 -227 -6 -118 -225 -287 -161 -199 -264 -282 -164 -136 -254 -125 -186 -275 -222 -156 -82 -109 -188 -224 -183 -4 -134 -253 -143 -166 -243 -84 -92 -245 281 -154 -53 14 -297 -158 -19 291 -191 -182 -128 -96 -60 44 -267 -217 -116 -261 -110
175 184 -157 -52 103 -151 -15 -283 -236 -200 -33 -56 -7 -70 -105 -12 -91 -240 47 42 -14 -219 -263 -213 -160 -147 -63 -220 -258 -199 -231 -84 -179 -36 -196 -266 45 144 -155 -261 81 -225 -125 150 135 -247 -22 -128 -19 -2 -256 -288 -76 -195 297 34 -245 46 21 -205 204 -264 -207 -285
32 -228 -274 -200 252 -106 124 -213 -186 -206 -230 212 -179 -271 -70 -97 -62 245 -115 -195 -209 -241 -233 72 -113 -235 223 -217 -110 -261 220 -296 -284 -288 -281 -183 -87 -128 -30 16 238 -23 122 120 -234 -151 -208 -56 174 -298 -114 -133 269 -191 77 -144 -210 -215 -239 -142
255 -207 117 -183 -4 -139 -216 290 -10 -71 -58 125 -15 -6 -294 -144 76 -281 -218 -256 -143 -120 -167 -5 -77 -211 8 -252 -107 -198 -140 -238 -66 -275 -131 -62 223 -163 -141 -235 -87 -224 -43 -222 -277 244 -52 -153 -92 -152 -259 -265 -266 241 -288 -64 -217 27
137 -226 -242 -144 -191 -288 -13 -111 -135 -252 -200 -254 -165 -147 -207 -106 -40 -224 -175 -216 -283 -227 -20 -92 -86 -158 -101 -157 -32 42 -98 -255 214 -300 -109 -72 -49 -243 -291 -17 -95 -225 -120 -269 -267 -118 -285 -58 -284 236 12 -103 -127 -278 -160 -78 179 -163 -27 140 -188
274 -139 -102 -163 -204 -122 218 -237 -100 -299 -84 -265 -184 -189 -56 -2 -39 -293 246 -169 -216 -280 -244 -269 -31 -264 -193 88 -1 -255 -180 -38 -33 271 -22 -253 -6 -200 -109 -196 178 -21 -225 -194 76 -4 -295 173 -134 -114 -71 -65 -222 -44 -119 -132 -40 -152 -208 -34 -143 -175 -41 -29 -136 236 -300
288 -81 76 85 -164 -94 -186 -161 -157 196 -254 -194 -123 187 -56 -137 77 -250 -126 -122 -66 -174 -106 -39 108 -151 262 252 -255 75 -241 -7 -64 -29 297 -285 -72 -34 149 -210 -227 -276 -270 -119 -127 168 -209 -215 -86 -124 -289 -96 78 -21 -274 -33 -40 284 -207 -281 -171 -43 -159 -217 99 -156 -150
180 -29 -275 -194 -196 -88 -133 157 -123 -114 -78 -116 -219 -103 -200 25 -61 -238 -191 -15 -260 55 -280 -85 -227 -69 92 -267 -44 -8 -122 -94 72 -223 159 147 -38 -45 20 -235 76 -163 -162 -186 -144 -142 -295 -276 -89 -67 224 291 -258 -297 -49 -262 101 -50 -30 176 -272 -83 -205
155 -245 72 -216 79 44 238 -18 -67 -107 -295 -145 -286 -248 -280 -206 -45 40 -80 -111 -63 168 -227 -137 277 -179 -131 26 -122 236 -115 -264 -32 -180 150 93 -290 133 -20 -43 -11 268 -89 70 -42 -237 -293 -4 -287 -240 -35 -75 -272 -166 -2 -212 -267 -83 -223 -257 -160 -125 -252 197 -215 -119 -167 -118 -258 -31 -13 -296 -60
40 283 -10 -87 274 153 -183 81 -113 -270 34 -42 -250 -152 52 -263 -211 -143 -201 -273 -50 -93 -253 -16 -98 -269 -84 114 -289 -204 -173 -19 -146 -299 -106 -162 -292 -213 -291 -280 -212 147 -128 175 -192 -5 -181 -194 -57 -203 -45 -234 -282 -32 -90 -254 -140 285 8 -271 161 277 -15 -91
124 270 -221 168 -46 -251 -75 -106 246 -42 -208 -93 -182 -99 -72 -13 -38 113 94 -192 -191 -175 -137 73 -288 -50 203 250 -184 53 -78 -49 261 -290 -6 -217 -259 -165 -134 -80 -64 -47 -212 248 -249 287 -167 -227 -159 139 -174 -164 -1 -17 -57 -51 -166 -152 197 -281
297 -18 -167 -24 -89 -35 -183 7 -271 -27 -151 84 -26 140 -206 -174 -33 -184 -71 -46 -199 -204 63 -267 -41 -39 -241 292 -79 -221 -247 -91 -1 -76 -176 216 -94 -49 -137 -48 -201 -164 -222 -118 153 -245 80 -190 -9 203 -257 192 -31 -248 -51 -188 -163
160 -151 -125 -297 -270 -213 -2 -57 -177 -3 212 -182 -208 -149 -201 -278 -179 -23 220 -123 289 -200 64 -300 -87 -166 -39 -18 -269 -215 232 -281 -100 -216 -271 -136 -205 44 -184 -218 -89 -153 -274 -5 50 -99 161 -290 -159 -295 -266 -279 -189 -165 126 62 -110 -1 -191 -257 -241 86 28 -67 -267 -211 95 -157 -275
207 252 -292 -58 -74 -55 -281 -255 -92 109 165 -222 -110 -94 -26 -91 75 -135 -192 -70 78 127 -108 -272 -274 4 223 -250 65 -264 -106 -196 -2 -14 -140 -276 -194 -206 -121 67 290 -155 -271 -32 -149 -15 -64 -217 -300 -284 -141 -79 153 -89 128 -3 -51 -193 -219 -73 -102
76 -88 -178 27 -259 -281 -196 -29 -43 -266 -283 -293 -273 112 -300 230 -146 -269 -149 -247 126 61 267 111 -14 -168 211 -251 -268 -187 -131 72 -98 -121 -42 -24 -135 -206 -151 -78 -179 -223 -240 -280 -180 -90 258 263 -93 -181 184 152 -83 -128 -191 -63 -46 -294 -1 -16 292 5 123
182 97 -209 -210 -208 -111 -122 -82 -207 -91 -19 -140 -187 -263 -6 -198 -74 150 -17 -249 -257 -113 -109 -194 -174 -4 -90 -212 -229 -172 -93 -120 175 -195 -55 -200 -105 -71 -203 -178 -135 -159 -151 -147 -282 -123 261 -126 -39
168 -272 -146 106 -174 -167 -101 -156 206 -68 -18 -27 -31 -179 129 -54 -222 -199 -159 -195 -116 -4 -28 -112 -66 -246 -97 -55 -56 160 -53 -58 253 -22 -43 -194 -10 249 -256 -96 -135 -232 209 -260 -20 -196 -219 -212 -271 115 -15 -79 -200 -288 -243 -283 -121 -270 275 -142 -40 188 143 -33 24
108 242 -153 -229 -152 -136 -67 111 -157 -146 -103 251 87 208 -119 -44 206 -244 -139 -91 -137 -143 279 -132 -175 -23 -34 -66 -275 -154 97 -29 -262 -243 -5 -197 -299 99 -252 -16 -11 13 -290 -202 -231 59 -45 -273 -263 -259 -155 -15 126 -218 -176 170 -228 169
255 285 -112 -144 -34 202 189 -113 -250 -60 -259 -6 -14 -68 -205 88 -42 -100 -280 -143 -158 -228 -198 -178 -104 -69 37 -66 -171 134 -130 -222 -105 -289 231 -288 -103 -165 -160 -181 -240 -56 -138 -11 -23 -1 139 -199 -107 -116 -129 -164
17 -290 121 248 -257 -10 -83 -225 -133 -282 -14 -148 -89 -179 -275 -207 -149 177 -41 -263 -73 -24 -4 -106 16 -38 -71 -87 -134 233 -65 -47 -291 -249 -198 219 -151 -120 264 -166 -244 -229 -138 -295 27 -94 -213 -247 -107 -32 -188 -20 -18 -33 -57 -93 84 160 99 -5 -100 -11 63 141 -251 -142 206 -40 -276 -128
124 -62 -126 -109 -113 -42 -58 -22 -247 -141 110 272 -108 -225 -104 -155 -174 29 148 -3 -140 -1 -11 -245 -28 -199 -54 -112 138 -283 -90 -208 -297 -190 -189 266 -6 -10 68 -12 -137 -147 -279 76 -198 242 -111 -218 -235 -102 -157 -143 -193 35 87 -163 71 -34 -73 -274 -93 -160 -212 -21 -259 -64
198 135 78 -167 -242 137 127 1 -31 -92 -17 -59 -187 -99 -270 -116 23 255 -21 -73 -124 287 -251 -234 -275 -235 209 -225 -51 -44 -48 -184 36 -168 -108 -122 -129 196 -57 -100 277 -88 -228 -290 -47 -262 -152 -19 -195 46 96 -141 -238 82 -132 109 -4 185
20 -29 -248 -46 -112 -215 -266 -5 -66 -246 -152 144 -177 94 -213 -108 132 -189 -217 -175 -239 -100 11 -170 273 -173 -15 -259 77 -237 -204 -223 -263 -242 101 -42 147 79 -117 102 -83 -222 -218 206 -49 -158 -98 88 287 279 -106 229 -3 -256 -283 -207 -165 -32 182
166 -93 -266 -141 -195 -145 262 -121 -19 -144 -256 -155 -255 -294 -165 -32 -100 247 -204 -90 -11 -125 -52 -180 7 -194 -259 -12 -174 60 184 -2 171 -154 231 108 -300 -217 50 -274 -288 -261 -48 -9 58 -237 188 -98 -238 211 -16 89 -292 86 -103 -289 116
253 -229 -209 -140 -29 -130 57 156 -118 -85 44 -215 -218 -146 -5 -30 -97 -258 267 -93 -108 -117 -174 -22 -217 277 -33 -208 -137 179 -276 -134 -263 -300 -231 -210 -172 -149 -266 -142 285 -279 -245 -293 -178 -43 -214 -143 -278 -234 -169 18 -3 -282 -111
154 -222 -107 -285 295 112 -287 -103 -283 -149 -19 -139 -11 208 -192 -224 -32 -227 -201 -65 -26 -212 -96 213 -155 -30 147 -259 -185 -77 248 -113 -178 167 -173 -232 -12 89 -138 -39 -108 -256 -41 -21 -243 -40 -294 53 -276 -57 95 -94 -17 -261 -246 -8 -189 -58 -16 -286 -84 -169 -134 -104 -206 -68 -5
27 -207 -66 -284 11 -221 1 -247 -220 -103 -156 -270 -178 165 -47 -135 -239 215 173 -161 85 -45 -69 -70 -180 83 -142 -111 271 -164 93 -250 -179 117 -89 43 -277 -51 -30 -132 -33 -140 98 -242 124 -139 -226 146 -262 -36 -78 296 -194 182 -224 -267 155 130 2 248 -64 86 187 -79 -158 -201 -255 -53 -259 -97 -74 -63 -96 -175 218
271 -296 -101 -10 228 67 -108 -207 -164 66 -73 -300 267 -131 -143 -109 87 -234 -76 -115 -15 -170 -71 284 -230 41 -272 -51 -287 96 -200 -223 -281 -285 -165 -146 -2 -257 -28 47 -280 -273 -294 8 172 -240 286 -292 -33 -64 -217 -268 151 -9 -277 -141 -256 -297 -83 -39
27 -72 -267 187 -100 97 212 -280 -3 -183 -115 174 -168 -272 145 -251 181 -190 -19 158 -248 -268 -38 52 -142 234 -237 -245 -252 -117 -122 -110 -18 -221 21 -225 -40 -196 -109 -295 -277 -156 -10 -155 -294 -32 -59 -179 -202 171 -279 -61 -82 68 -93 -84 -77 -238 -34 269 -216 -147 -2 -195 -176 -276 -231 -189 180 -287 -58
81 -73 256 -268 193 -22 -225 -251 -120 -240 -136 80 12 -188 -37 280 -93 -66 -206 -170 178 -62 -211 -243 -203 -39 -271 -124 -36 -196 -55 -174 -288 -274 -175 -241 -219 -287 15 21 -227 -253 -152 -51 -90 -91 199 -100 -95 -60 166 -244 -273
275 -159 -294 -29 9 21 -211 -10 -61 -101 -158 -106 4 -5 -87 -265 -143 91 -293 -26 -132 -127 -263 31 -83 -278 145 -45 221 -291 -148 112 -298 -38 -66 -188 -105 -235 -133 -273 -160 -167 -16 74 -186 155 300 -96 -194 -152 -266 -281 -82 -157 -97 -287 -150 -168 280 -252 270 -49 -108 -240
292 -153 -37 61 -246 -287 195 -190 -205 -46 -288 -34 112 -122 -158 -100 -201 -40 -39 -8 63 -135 255 62 -87 -94 -278 -212 -107 166 -90 220 -266 -245 -71 -227 3 -214 221 -118 -285 -58 47 247 85 -28 -168 173 -176 -55 -48 125 -114 -104 97 -232 -128 -149 259 -91
230 -276 -185 -28 -138 293 44 -32 -15 -77 -119 -195 -60 -240 -280 -202 -220 -182 300 -250 -253 198 -205 -59 -110 114 -103 -164 -31 288 50 -92 -68 -163 -201 -14 -141 -136 -5 -254 143 -123 -149 20 109 -152 -281 171 -263 -225 -194 -95 -208 -256 -38 -218 -142 -204 -101 226 -13 -104 -74
239 -118 28 -237 -20 -286 243 152 -96 -97 166 -236 -167 -276 169 -56 -284 1 228 -146 -129 -138 249 212 -61 -196 -77 -187 116 -50 226 -78 -257 -81 -214 -125 -256 210 -291 -82 8 -290 262
128 -17 -223 -196 -15 236 -6 -210 -257 -239 -266 -268 -166 -148 -190 -174 -267 -179 -96 -264 -134 -228 -229 -234 -2 25 -34 -248 -159 -212 -256 83 -108 -271 280 -238 -146 -119 -170 235 -226 -144 -7 -107 -77 -22 -217 -41 252 -65 138 -258 -216 104 -63 -44
229 -3 -34 -123 -198 121 -296 -266 -199 247 -36 31 62 -78 -116 1 -90 -81 -176 87 293 -297 -60 -49 -39 2 -37 180 109 -154 54 -205 -18 -85 -177 -122 -163 -80 -242 -210 -200 -27 -187 -153 -96 115 -142 -298 152 -248 265 -103 181 162 -292 -209 222 -135 84
143 -63 -60 -78 -74 -83 -208 -243 56 30 -89 -32 55 199 -295 -48 -14 -73 -230 -291 -161 238 -200 -180 -179 -136 -93 -115 -97 -299 -124 -296 -196 -88 -132 112 41 -101 131 -275 -123 -79 -92 -86 215 -281 -11 -150 61 141 -267 271 -114 -19 -31 -65 -151
295 -20 -298 -246 -254 275 -188 216 -26 -278 -193 -100 -27 267 -68 -35 -234 -56 -197 -105 -293 -19 -192 -174 -18 50 -292 -247 -233 -253 -252 190 -221 239 175 268 -15 -138 -83 -232 -90 -22 -40 123 -122 82 259 -77 -226 -76 -255 -66 -274 -166 -256 -112 -6 110
230 -296 -44 -94 -41 155 -279 -274 -107 -56 -288 -111 -68 -110 -174 -128 -223 -121 -145 -113 -69 205 -25 -1 -238 -104 -246 -67 -32 -200 -286 -186 -220 -231 -78 189 -88 -265 -138 -300 -49 -119 -11 -59 -258 -61 -292 -247 43 -55 -83 -210 -6 -284 -5 -169 257 -52 -270 144 -39 -183 -161 -45 -115 16 -147 -268 -173
141 -248 -106 -272 48 -25 -183 -128 -295 -291 -135 -114 -86 -79 -202 101 -184 -286 -217 212 -200 -112 -290 -58 -282 138 -65 -264 -64 -296 -297 -160 -66 -98 -245 -234 -5 254 -68 55 108 -61 -36 111 -44 -16 -20 -176 -237 70 -288 63 -191 -203 -21 -241 -37 -115 -151 287 -198 -220 -221 -72 -88
157 -241 -143 128 -9 -220 -36 184 118 -288 -97 -30 82 -246 -76 -172 -8 -294 72 -230 -297 271 3 -198 -240 -214 -95 -182 -102 178 -35 181 -61 232 -277 -129 -268 -193 -90 176 -74 -99 62 -195 -117 -75 -179 -19 -71 -229 -24 249 51 -23 -224 -29 127 59 -4 -263 -191 -147 -152
147 -64 -214 142 173 -241 -211 272 -77 -102 89 286 -200 -174 -129 -275 -70 -293 -264 -101 130 -135 -80 -257 -15 56 -43 -57 -177 -180 -190 7 -140 -244 -155 -170 -6 -217 -32 -143 41 -47 -81 -192 -162 -294 -249 297 117
177 -165 -15 -181 -257 -31 -1 -28 161 -232 -82 -237 -131 60 -225 -33 -129 66 -54 -280 -58 194 -198 -204 259 -9 -69 -7 -119 -44 -98 -144 -105 -172 109 -89 -188 -118 -213 -222 -81 -218 -178 171 -187 141 -76 -206 -68
147 -131 -68 -119 -64 -291 -180 -177 -82 -256 -32 -272 -146 -224 -220 -105 -47 -91 145 -56 -23 -21 -54 -70 -52 -253 -165 -84 -12 101 -285 55 -255 -122 -109 138 -152 -45 -89 -227 -254 -259 -163 -283 -262 -293 -120 -62 -106 -188 265 87 -150 -202 -74 -127 -276 104 37 -116 -277 -214 -168 -170 -248 -113
108 218 -152 287 127 -296 -245 -52 -246 -59 -109 -89 -248 -24 -72 -69 -30 157 117 263 214 -75 -11 -213 -175 251 -98 -198 -47 -101 -27 -160 -131 -256 -135 -179 223 -212 -297 -65 -272 -156 276 -37 -8 -36 -125 -68 15 -5 -196 -243 -181 -86 -285 -35 -23 -84 -129 -100 -235 -76 -34 -158 -55 -202 -66 -255 -180 -64 -112 -50 -221 -234 -102 -120
46 -113 -262 127 -221 -175 -23 200 171 -44 -245 145 -97 -131 -259 -223 237 -101 -15 -230 -180 83 -18 -192 -214 -183 -225 -206 -108 -250 -51 -231 -14 -256 -41 -128 226 -258 -5 -76 -132 -198 -130 -211 -11 -33 -300 -43 -154 -293 -212 58 159 -290 -299 261
26 -212 -200 -67 -201 -187 -10 -9 80 -293 -97 144 -163 -85 -196 260 -243 -237 -173 -52 86 129 -271 -106 -36 -155 -178 -158 142 -238 -57 -219 -23 167 -300 -118 107 -255 -15 -176 -75 -8 -99 -115 185 114
68 -126 -16 -70 209 187 -199 -63 -83 289 -190 280 -127 -29 -2 -26 -204 43 235 -168 -246 -11 -131 -150 -155 -12 -13 -171 111 -122 -225 135 181 -276 -23 -229 -218 -20 36 82 -232 -94 -89 162 -50 -91 -271 -245 -138 -193 -64 -288 -143 54 -216 -279 261 -233 -110 -51 -184
229 170 -194 -256 -48 -105 -16 -86 -61 -122 -203 -226 -180 -216 -286 -190 -182 -273 -208 -63 148 -185 -57 -95 -94 -20 -275 49 -153 64 206 -215 -129 -228 -128 -24 173 60 -89 -283 110 -245 -19 -3 157 -244 -243 253 82 -93 -189 199 -22 116 -107 -288 -164 -160 -268 -58 -264 -183 101 -248 -43 72 137 -290 -68 -67
174 100 -113 25 -30 -177 -251 -139 -277 -69 -213 -295 -196 -21 -296 -60 75 -116 40 -56 -281 -121 -169 -58 138 -68 -211 -270 -216 -7 -297 -126 275 -2 -142 -228 -37 -242 105 -132 203 -54 -107 -244 -173 70 -97 -160 -17 -254 -4 -259 -9 -156 -134 -214 -18 -63 26 -168 -219 155 -108 -240 -278 -290 197 -269 -28 -283 -133 -52 -39 -93 -94 -106
130 -102 -96 -209 -13 72 -166 -21 -65 -194 30 -55 -42 -210 -294 -16 -36 88 -80 -208 -188 -57 -157 -236 -292 286 171 -3 -70 -34 -259 233 -71 -108 -114 -40 121 266 -268 -204 -148 -163 -281 135 25 -175 -14 -113 -181 -192 -187 -64
2 220 52 -169 -187 -142 -69 -103 -1 168 -229 -138 -94 -137 -83 -165 -15 -170 -256 18 -84 -62 -279 -16 23 -101 -173 -73 -97 -260 63 -236 -278 -192 -212 -35 89 3 -93 -147 -98 -129 -184 299 131 148 -59 6 -26 -126 40 -257 108 -248 -139 -128 -115 -181 -230 -30 -81 -151 -292
78 240 -85 -98 -215 209 -81 -146 -279 -121 -66 56 -80 -211 -26 170 -225 -289 -28 -300 -19 158 -232 -250 -171 -43 -40 -248 -36 -169 -77 -180 -16 -83 -165 -52 -37 10 -120 -108 143 -110 89 -234 -68 224 -96 -55 -229 -174 -39 -11 -156 -271 -32 -45 -198 -199 -92 246 -147
109 -234 -102 201 -2 -72 -10 -274 -247 -271 -40 -27 -214 -58 -235 -143 -168 -31 208 -213 -171 -292 167 -12 -123 -45 -136 68 -194 -99 -104 -59 -32 -28 -273 -262 34 -57 -293 192 -198 -205 -126 -151 -285 -299 -16 -76 -174 -137 -140 -97 -231 187 129 -244 -263 -240 92 -18 245 -26 6 30 298 -237 -119 -154 -132 162
12 -180 98 -201 -131 -174 40 -69 -184 -36 -58 -270 -273 -17 -198 -287 -295 -251 -237 -85 -61 -53 -224 -114 -266 -117 -24 -272 -230 -125 -296 -52 63 -91 -226 -123 109 -211 263 -229 -267 108 -203 -181 -150 136 231 -7 -297 82 -59 -210 -41 -186 50 -269 -127
168 -230 111 -108 234 -125 281 43 -48 -101 -73 -229 -88 -47 -164 -269 -103 -100 -180 39 -5 -239 -21 -298 -204 147 -286 -292 -165 -227 -7 -235 107 23 -55 214 -160 77 170 6 117 -224 222 -94 219 -270 -87 -129 -263 -66 -157 -217 -246 278 -154 255 -231 95 -300 -179 -172 -156 -196 -178 -132 -293 -289 -105 -195 -259 -102
35 -58 -38 -85 -253 -27 88 -209 -124 -59 -231 -20 -78 -237 -44 -6 48 62 -18 -63 181 183 -119 287 -143 -94 -238 -201 -50 -112 -45 -170 -291 135 166 -283 53 -127 -31 -211 -146 -272 -179 -24 -250 12 -228 254 -149 -284 118 -92 -299 -141 -265 -192 -114 -224 -248 -193 -25 -22 -75 -216 -185 281 -90 -186 -71 288 -177 182 -61
40 -254 -23 249 -135 -53 -277 -52 -33 -7 -255 -285 210 -38 -247 -160 -143 -244 -104 -118 87 123 -93 -79 -41 -59 213 -219 -39 -299 -106 -199 -218 133 -275 -172 -29 -10 284 -16 229 65 -71 -58 -81 124 -269 56 -144 -279 -281 -73 -169 -260 -270
16 -206 189 -9 -86 -296 -182 33 -6 116 -227 90 -146 205 -203 -287 -73 -69 -89 -95 -137 -22 -213 14 -17 -210 -284 -81 -172 -219 -77 -65 -214 -190 -255 56 -225 -220 -286 -87 -12 -91 -236 -274 -85 67 -5 -144 -124 -260 -122 61 183 191 -154 -256 -1 37 -252 -80 -125 -82 129 -110 41 -177 -204 -264
162 -284 -251 -169 255 -240 -185 -65 193 -153 -154 -157 -90 -210 -9 -80 -294 -196 15 -180 -142 -2 -57 26 -221 -136 -126 -261 -120 -96 -297 -273 -37 -234 -63 -281 -148 181 231 -72 155 -87 -170 -44 -249 30 -224 -192 -3 -20 278 -51 -149 -32 266 -123 -116 -11
8 -257 -198 -3 -119 -7 -142 -256 -250 47 -53 300 -150 -104 -251 292 42 -199 294 -76 -136 -146 -72 67 -187 -143 -45 -26 -140 -46 -168 -58 103 282 -286 138 -9 -79 -96 -190 160 -40 -1 -204 -181 -98 273 -99 -239 -261 164 -193 -75 -223 157 -54 -255 -162 -237 -64 -38 -298
148 11 -293 -79 154 -273 6 -234 -36 143 -174 -212 270 -244 -290 -164 -34 127 86 -210 251 -252 237 -76 296 28 -132 -129 -40 -294 -158 -165 -17 -204 226 -136 -182 -276 -215 120 -13 -83 -286 -235 -73 -133 -104 218 -63 -16 -256 66 125 263 -151 -264 122 -46 -213
291 -172 180 -20 -299 -264 -89 -67 60 -23 91 -279 -166 97 -218 -62 -162 -179 -90 252 -12 -31 -104 184 -257 -32 -190 -176 -15 -247 -56 -78 -137 -37 231 -80 -230 -92 -27 223 -18 -260 -175 -270 51 14 -297 -58 -186 -280 164 -241 -197 -243 -157 -185
294 -275 -221 283 -129 -124 -68 -126 -6 -203 -1 -269 73 -60 -40 -90 -195 -168 -43 -115 -181 120 -198 8 -196 -103 -162 -5 -59 114 -56 -263 -141 -32 -217 -190 279 -276 -291 -134 -4 -215 -239 -295 -130 192 -254 179 -218 -188 15 -20 268 -286
88 -231 112 -48 79 241 -299 -196 -106 -284 -27 -177 -64 -59 173 -68 -247 -185 82 226 268 -205 -282 -4 -183 -95 77 -26 6 -93 -276 -225 -150 115 19 -104 -193 -292 -139 -207 -234 -239 -245 -72 73 96 -270 288 -47 -181 -37 56 -179 -105 213 -290 -23 -62 -123
53 -192 144 -165 -133 -226 -267 193 -189 -278 -142 -149 -18 -166 -290 -91 -4 119 -168 68 -204 -291 -62 -188 -8 -108 -134 -50 -34 159 -93 127 -259 -75 -245 -207 -285 -274 -238 -183 -17 -279 234 63 -289 -32 37 -300 -90 -195 -292 80 86 -173 -29 217 -230 51 -46 -261 -212 -260 -277 -176 102 -175 -169 -272 -223 -294
258 -247 -63 7 -108 -231 256 150 -48 -152 -101 -36 -262 -211 -299 -92 126 -181 159 -19 -282 -86 -57 -67 -52 -257 140 -26 -196 -182 -168 -133 -25 -4 -29 267 -16 -190 -69 -300 114 -99 -188 -203 76 -234 -235 111 -179 -204 272 273 -237 -240 -68 -241 -103 -12 -200 191 -129 -248 -54 206
145 -190 250 -18 -30 -223 61 -243 -89 -49 -57 -284 -269 -63 -81 -98 150 -71 -270 -286 -188 -227 -44 -51 -107 236 255 -195 297 -161 -199 -177 245 -235 295 275 -118 -36 -157 -134 -21 -19 -82 -230 -258 -80 -280 -231 -6 -95 -117 -246 -88 -261 -173 -208 -262 -170 -55 39 -34 83 210 -75
260 -147 -270 -282 24 -131 -207 -295 -173 87 -75 -30 11 -55 -190 -195 -159 232 -213 -123 -216 -102 -211 93 -278 -229 228 -145 -184 -275 -292 -54 -103 -64 -236 -144 -290 -49 -3 -110 -189 -33 -291 -19 -172 -45 113 -62 -73 -68 -121 -221 91 -277 259 -135 -13 -56 -256 -148 -276 -223 -255 -59 -6 -71 -165 60 -274
12 -210 -2 16 244 62 -92 -263 -114 -128 -32 -150 247 -297 -124 289 -135 -79 -155 -58 -166 -142 -272 -56 -100 127 239 -215 -205 -186 115 -5 -134 -95 148 -22 107 34 -21 -80 -243 50 260 -144 75 -191 -296 -154 -68 242 -106 -291
203 -237 -234 -38 -168 -10 -110 -232 84 -59 -220 91 -5 -42 -71 259 226 -173 -83 -289 109 100 111 -134 35 211 -165 117 12 -145 -24 -245 -102 -160 -208 -13 54 -185 -37 286 -201 -20 -258 -272 -17 -137 -129 -260 -55 -80 -197 -239 -285 125 -120 -291
78 -53 -33 -96 -169 -249 -201 -170 221 -148 -125 -242 -187 -196 85 -220 182 -26 -190 -68 -41 -106 111 -56 -80 -45 -143 234 -203 -278 94 -57 -230 -168 -288 -300 -166 -113 -269 -198 -153 -186 88 -121 14 -272 -280 19 -5
182 -99 115 57 58 -113 42 -21 -13 -292 -49 -37 -289 132 290 -140 -175 -152 -266 -206 -30 -220 -158 -1 -136 -242 -93 -59 -236 161 -46 -127 108 245 -150 -210 -117 40 -162 -209 -119 -192 -141 129 154 -252 106 -268 -234 -168 -219 -259 -285 -76 85 -151 -110 8 -264 -172 -195 -62 -48
24 -213 -120 -279 -243 -35 83 -241 -131 -269 -3 -16 -25 237 -169 -183 -270 -60 -50 -266 -59 240 -262 -140 66 -92 -47 247 -208 170 139 154 164 95 -143 -215 259 -42 -134 -155 71 -46 -238 -151 -256 -284 -68 -70 -207 -265 171 -13 -26 -294 -195 -252 -196 -111 -57 -187 -198 -246
97 -30 215 -71 -128 -25 -258 63 -41 -124 -57 -158 -123 -197 -182 188 -130 -16 -125 268 -99 -256 -31 -181 -84 -289 -184 -165 -244 -75 -36 -231 -199 -114 -38 118 -4 98 -162 -237 -254 -88 -291 -8 1 -143 -295 -248 -220 -135 -85 -297 -261 -102 -265 10 -54 -28 -147 -55 -6 -277 -221 -3 -49 -247 -146 -50
27 220 -254 -153 -298 -68 -173 -242 171 -284 -88 49 -63 -293 -163 -162 -300 -4 -50 -142 -127 -197 -172 -61 -200 -263 -294 -279 -84 -93 -205 -94 -24 -178 -270 -286 285 124 102 -141 137 -18 169 -203 -213 -157 -296 268 191 -15 -119 -222 -85 -288 -175 -133
154 -4 -183 -247 201 -276 -191 -162 -172 -192 -139 -277 -173 -199 -284 -15 -186 -137 -68 -213 -122 -71 -161 285 -6 -123 -185 -90 25 -8 -55 -164 -232 -197 -255 -257 153 -261 -28 -39 -32 -129 -104 -273 -140 -200 -79 51 -21 -280 -188 112 -114 -207 -134 -130 -263 -58 -278 36 -281 -73 -125 288 -262
170 -81 283 -146 -269 -31 -107 -177 266 -33 -82 -117 -17 -281 -140 -268 -85 -91 -27 -132 -113 174 -273 -156 153 13 213 -67 -55 -258 -260 -23 -133 -214 -208 -22 -232 218 292 -217 299 -223 -244 -66 -21 -43 -172 -295 -68 -252 -186 -19 -116 -112 -293 264
234 -36 -187 -198 -43 -133 -102 -37 -222 -175 -18 -129 -239 149 -27 -210 -191 -86 -200 -111 -76 45 -224 49 -80 256 -173 83 -300 -20 -115 207 11 -28 -262 -296 247 -292 32 40 -142 169 -289 -236 -131 -6 -158 -132 -205 196 -4 8 -245 26 -130 -75 -185 255 -119 7 -135 60
74 104 -84 -50 -232 -85 -258 -195 -254 -92 -275 -39 -70 -52 -166 1 -18 -137 -114 -208 -236 -189 -259 -80 113 -36 -169 -210 -192 -184 284 -30 -121 -116 165 197 157 255 -211 -108 -29 -251 -199 -138 -164 -281 -153 -56 -67 45 274 112 -15 -277 -134 -215
186 32 -152 -8 -254 -288 -63 -212 -157 -78 -132 -53 -107 -289 136 -73 -291 -201 139 -283 -293 -41 -89 -231 -268 56 -70 -147 -20 -252 -286 -111 -222 -39 -226 -271 153 247 -219 -43 -59 -123 -220 -97 -126 -128 -29 -137 -296 -141 -67 194 -35
97 -80 -208 17 147 92 -176 18 131 -28 -246 -23 -185 14 -83 -101 -12 -201 -54 -89 -144 -248 73 -15 -60 -213 -8 -118 -143 -96 171 -4 -16 -207 -93 260 -222 -164 -299 177 -78 -189 -115 -6 -198 225 106 72 -268 -10 -280 -224 -26 -276 -50 -214 216 -30 239 -156 -183 -253 -180 240
127 -155 24 -49 202 298 242 175 -30 -42 -286 -70 -263 180 173 254 56 -151 -265 -235 -227 -274 -52 -40 -234 -35 15 229 -284 -168 83 -149 -249 -247 -248 -214 62 -166 -22 -289 -213 -200 -163 -26 -181 -21 -276 -123 261 -8 -37 -44
145 93 -237 -68 106 258 -182 -76 -219 -16 -72 -297 -172 -288 112 -117 -163 -234 54 -56 113 -40 -227 134 -211 -170 66 -63 135 -30 -142 293 -279 -120 -121 -242 91 -87 -251 273 -223 -86 -104 -119 -36 -78 -60 -224 -261 -154 -267 -114 194 -131 -25 158 110 -168 -207 -42 -213 -51 140 -77 -61 -175 -128 -215 -272 -21 206 -129
271 57 -49 -205 -243 -50 -58 -3 -46 -247 246 -288 -223 81 -38 -153 -266 -168 -245 -172 -272 98 -53 -15 -180 -215 -192 264 -210 -92 136 -60 156 -219 -224 -155 259 -163 -267 -217 63 -94 -1 -36 83 -195 -41 -14 -158 -167 -130 -48 -238 -146 -159 -230 -203 51 -6 -5 289
114 -125 -79 -258 -112 34 -253 -191 143 -223 -210 -115 -242 -128 -240 -159 -209 -44 275 248 -216 -197 -117 -271 104 -33 84 -37 -162 -78 -217 -55 -280 -219 -150 -165 163 133 233 -173 -285 129 201 199 -181 24 -161 75 149 -215 -57 -157 -288 -41 -250 -156 -21 -212
226 -251 -31 -160 270 -287 -189 253 -174 -180 -33 -137 -233 -24 -263 265 -56 225 -286 -49 -153 -21 -111 173 99 -80 95 -183 -228 -269 -29 50 -243 -70 47 -20 -170 -261 -276 -224 -215 -115 186 -4 -258 114 -3 299 -12 -147 -96 -14 -245 37 -44 -86 193 131 -5 30 23 -7 -135
1 -194 -7 -145 179 -48 -268 -78 -118 -161 -210 110 -295 -76 17 -241 -274 -60 -30 -130 -228 252 -244 -286 -102 -201 -96 -170 -15 -87 -50 -134 -35 -90 -115 -74 -2 272 175 -261 -155 281 -70 -94 -47 -101 -9 -165 -265 -254 -285 -137 -177 -158 13 11 -112 298 -269
205 -228 93 240 211 -71 -192 -277 -152 -271 -296 282 -231 273 -97 -68 -99 -32 -22 -95 -116 -4 -26 -43 -288 -221 -119 -110 -108 -193 -194 -294 -39 -3 -232 -216 -272 107 -80 -16 -56 -14 -50 -170 -220 65 -248 -287 180 -196 -244 201 -134
154 -276 -111 -275 -130 -161 -185 -283 -103 -1 -278 295 -151 -74 -169 87 -294 -149 -71 145 -50 -290 -163 -179 102 -221 -153 -113 104 -94 -229 -277 -65 -162 -23 -54 -100 -285 -96 3 -270 -42 -281 140 -108 -225 178 -252 264 -44 -173 293 -209 -243
41 22 -155 -266 133 75 -243 -142 288 -210 -238 -296 -3 -36 -53 -182 -92 -219 -295 -9 -129 -64 -160 265 -221 -112 -263 -227 -68 165 -107 -16 -290 -34 -230 -141 -47 -225 -198 -121 -70 -124 -176 -231 101 -185 -132 -274 -59 217 229 -194 -213 -174 -297 -104 -187 -249 -6 -119 -168 31 -261 -267
222 -284 -212 -145 -223 -65 -177 -87 -108 -146 -76 -38 -49 -137 -20 54 -216 -43 -182 -170 99 -167 -51 -267 -285 -117 18 -237 -106 -47 -131 -144 98 -181 -143 265 -299 196 -254 236 -258 -37 -269 -8 -266 -272 -244 -115 -245 240 247 -168 -57 94
255 -120 -243 169 -54 78 197 -125 -140 40 11 -212 -95 -271 -189 -213 -274 136 -239 89 -19 -153 245 -83 -217 -38 30 -37 -62 5 -222 270 -133 -144 -39 -49 -249 -86 235 -166 -276 -266 -183 -60 -223 -51 286 -143 -63 135 -282
3 -154 -86 -240 -172 -152 139 -89 -247 -195 -238 -51 -282 -254 -26 167 -22 219 -215 -130 -5 -236 31 -56 -190 -97 -25 21 -201 -226 -36 -257 -48 -281 -76 -69 -40 -120 181 -106 -277 -225 223 -250 -6 -158 -232 -300 -299 -199 -41 -38 -68 204 -88 -135 -50 162 15 71 -287 -206 -171 -43 246 -196 184 -234 -189 -113 -52 -245 -73 -90 207
171 -120 119 -297 255 -298 -74 -248 -94 -27 -108 -58 -159 -280 -250 -181 -50 38 -203 -237 -20 -28 -3 -146 -193 -234 -290 -152 -206 -155 233 -61 -5 -46 -67 214 72 251 -59 -141 -163 -265 245 2 -236 -136 182 -14 -40 194 -82 -215 -240 167 84 257 -106 -277 -9 259 -223 -249 -63 154 -52 107 -125 -175 -104 216 -49 183 -31 -246
193 -246 -23 -185 -231 -16 -240 -5 -262 -8 -217 -60 -66 -77 261 -129 183 -121 -174 284 -245 -230 237 -123 -166 -188 -90 -93 -163 -67 -223 -118 -243 -235 -270 -221 71 -256 40 -298 -291 -30 -1 224 -172 -203 -254 -130 -150 -222 -186 -294 -3 -295 116 -210 -297 -133 -79 152 -226 171 112 200
36 -171 -99 126 -26 -162 -22 -204 -105 -63 -42 -154 -24 240 -287 -239 -167 -213 194 -16 -44 -61 -296 -19 -88 219 -74 -28 -217 -30 -113 -255 -199 -40 -54 -232 62 -76 -249 203 -200 -145 -101 -159 -166 293 209 -263 -210 -89 81 -111 -104 84 -297 75 56 -211 -102 -161 -6 -274 -90 -198
40 -226 -141 -52 -92 -65 209 -106 -292 100 -206 -288 169 -9 -129 -222 -249 95 -184 -297 -204 -285 -96 -79 -112 -55 -176 32 -171 261 -255 -287 -36 -294 -125 -266 -246 -76 -190 -289 -84 -290 -263 -144 81 257 -57 75 -33 -151 -298
62 -141 -205 -70 -107 20 87 27 -25 -273 -166 -1 -297 -95 -286 -91 -238 130 -24 -17 -63 -227 -203 -186 -6 -226 -221 -196 -73 -197 -129 277 -248 -206 -172 -291 90 -110 -296 -131 -88 -113 71 -144 -250 138 -295 -237 -211 -59 -271 84 92 -83 -254 -233 -270 -170 -263 -275 -162 -10
247 -248 -17 -24 -292 -172 -5 83 -134 -74 -160 -7 -166 -272 76 -78 -42 -230 -165 -219 -39 15 -149 -208 -3 -186 -268 -10 20 -53 -176 -271 -31 -215 -187 -2 -63 -48 -40 -233 -245 92 -288 -241 -107 -225 -95 -223 -79 -9 -258 -145 -250 68 -33 -127 291 294 -100 -77 102 -61 -110 81 -168 -244 -194 -16 -175 32
207 -190 -291 -267 -28 -46 -222 -292 -182 -140 -212 -156 -45 -40 -44 -122 -143 -215 -258 -243 29 -86 -186 296 -54 -76 -257 -27 -172 -213 -8 -104 125 -146 -62 -272 196 -236 -130 90 -157 -3 299 -70 -255 -120 -245 -160 -123 -49 -131 -88 -117 -91 -168 77 -74 -75 252 -132 -99 -81 -71 -294 232 195 50
241 -176 -52 -172 -58 64 48 -250 -257 -260 -128 -99 -251 -245 -125 -191 169 -177 165 -200 -34 167 -202 180 -18 -237 45 -289 -265 -112 -157 -207 -259 -170 189 -275 -233 270 63 -20 -124 -149 -140 145 -71 -150 -214 -110 -60 -198 -163 -5 -121 -155
147 -27 -139 138 -229 -58 -161 -33 -296 -136 -201 -274 -185 -13 255 -90 172 -11 -133 195 220 -128 -282 5 -240 -3 40 -281 -63 66 -189 -203 -108 -97 -119 -217 93 -265 -166 -48 268 -165 188 144 114 -192 -226 -137 -227 -116 -190 -215 214 -212 -55 105 -179 -84 -28 218 -115 -181 145 -273 271 -269 -238 -47 -98 -234 -34 -14
9 -279 -253 -111 66 72 -58 -149 -24 -230 -86 -239 -145 -46 197 -150 -175 -200 -212 -194 -154 -100 -172 -13 -159 -95 6 -51 -183 -153 -255 -224 -124 -177 -104 -122 -174 -80 -284 -115 -181 -138 169 217 252 110 -40 -97 -76 288 -167 -260 -292 -170 -259 -180 -39 22 63
250 -295 -91 -45 7 -27 -174 -128 -22 -181 255 -151 -5 -298 -183 -230 -39 -90 -247 -3 -258 -69 -14 -256 -296 -239 -281 -113 -203 -105 -13 -35 -49 -267 -253 -67 -184 -61 -41 -167 -97 300 -290 -189 -223 177 -192 -208 -241 -243 -262 299 -196 102 -263 -166 -133 259 111 -92 -50 -178 -44 -136 134 -79 -158 -15
174 1 137 281 -78 -223 -249 -132 -63 -191 -224 -268 54 -166 -59 -220 64 -84 57 -143 -146 -229 -247 -70 -293 -235 -165 136 -216 -55 -73 -294 -18 -74 -8 215 -232 -14 -251 -28 -274 -233 -300 -175 -298 -13 -4 -104 -144 -108 227 267 183 -126 -3 98 -66 -89 -51 -79 102 -65 92 -185
201 -95 -159 -111 205 -146 -196 -234 77 -138 -114 120 -150 -277 -30 -14 -102 274 -223 -179 -278 -134 265 -152 -116 53 -144 -226 -18 -47 -61 -145 -161 -224 -140 -23 -4 -27 -192 -7 -254 297 -9 262 -155 17 -52 -11 -46 -247 -253 -252 -34 -130 -82 -12 -125 -59 -108 -84 294 -31 -62 -42 -64 55 -40 -8 -204
9 -202 -151 -87 -59 -88 100 -26 -65 -37 -7 282 -85 -152 203 -162 -278 -29 -80 -125 110 274 -112 245 -58 -296 220 -182 -11 51 -137 -298 -141 -241 -234 -158 46 -286 -238 -16 1 -174 -193 -194 -15 -285 -210 -93 -160 109 -185 294 -49 28 -200 -261 -40 -227 30 -149 -277 -189 148
211 -180 -22 -144 -199 35 -19 -65 -177 -32 109 -10 -203 -1 -297 -138 -176 -99 -201 190 -293 46 81 -166 -54 -42 -232 -6 -272 267 164 -168 -156 -33 -228 -3 -197 -254 -160 41 -8 -212 -161 282 -285 -117 -110 -171 191 -136 -53 -27 -139 -181 -126
142 -295 -256 -232 -4 -135 -71 -69 -269 -96 -298 -169 152 -226 -281 -146 72 -84 -130 215 -264 -183 -271 -220 -153 -196 -242 -205 194 -187 -270 240 113 125 -186 213 -260 -158 -63 -81 -117 -65 -268 -247 286 -9 -16 -273 -227 -20 -224 -155 246 -259 -106 -161 151 -127 -212 251
152 -282 -42 -297 -27 -198 -261 -143 -12 -120 -108 -264 -185 268 -286 -23 -22 230 -188 -151 -251 -168 -30 210 -269 -175 149 -20 222 -271 177 -43 196 -99 -241 288 -69 -4 -14 -199 57 -21 -140 -137 -80 26 -141 -36 163 -121 -86 -58 -51 205 -78 -206 31
91 -196 -238 -110 -168 -274 198 -5 -264 103 169 -181 -72 -62 -81 -270 -272 -127 -139 -241 -193 -186 -36 -216 -271 1 -136 -49 -78 -47 -268 281 -52 -166 -75 -204 -89 -282 -143 202 237 86 -226 -262 -85 -170 -107 98 -142 119 -213 -248 -67 162 -286 18 -141
251 -6 -268 -102 -35 -282 -191 -82 -122 -48 -11 -298 69 -202 -231 -155 -245 -272 -187 -246 -244 -65 206 -180 51 -285 -286 -243 148 -193 168 -221 74 -94 -233 293 -250 -136 -294 -12 -64 38 232 227 -70 -153 169 -145 -197 -36 -45 40 -101 -29 179 -21 30 -163 -41 -83 -248 -157
92 -138 -111 -172 -146 -122 -181 260 -32 -46 -90 -80 -107 -211 -69 -125 -10 -255 -38 -70 -102 -39 -281 -246 -96 -152 -63 -162 -25 30 -253 23 -8 20 -274 -56 -249 -269 -209 148 -86 -225 153 250 238 -178 -296 -36 -193 -297 -210 -197 -241 240 -218 -98 -205 -219 -220 -117 -191 -97 -151 -295
118 -97 -18 186 -211 171 -147 -281 -276 -107 150 -79 -50 -299 60 163 78 10 -90 -222 -52 -173 -45 140 -87 -61 -89 -22 -189 -293 -62 -98 165 -295 -113 -240 -224 -182 -175 -129 -115 143 -209 -284 -174 -268 -35 -17 -280 -55 -16 -272 269 -178 -159 296 -230 -68 243
22 -193 78 175 -168 -38 -244 -201 -131 -72 -266 -150 -262 -108 -104 -240 -237 -184 -91 26 -269 143 -174 -238 -233 211 -111 -92 29 212 -159 97 -294 279 -43 276 47 -129 -49 -44 -119 -218 61 -223 -63 -300 158 3 -146 180 -123 162 -40 -80 205 -258 -140 -271 -98 176 -285 -183 -7 -118 -83 187 -221 -229 -135
42 -218 -248 -73 -292 22 299 -27 131 -130 -121 -249 -168 -127 -48 -237 -30 215 -129 -96 -196 -80 -128 230 -104 -211 -261 -44 178 -53 -274 -236 -179 -99 97 -122 -181 -17 -63 -246 -36 -265 -23 257 -157 -155 -217 -89 111 -136
172 -105 -86 -120 -91 -121 -111 -14 -234 -108 -263 -281 -167 138 -165 -119 -2 -283 -104 -69 -292 -272 -31 -300 -47 12 -196 -280 52 -231 -186 45 -197 -140 4 85 -49 -39 -151 -181 -68 -222 -152 -42 -237 -34 131 214 -273 -32 -226 219 73 -173
34 -238 -109 -29 -146 -176 -123 -172 -57 -53 -202 -191 -82 259 -142 256 -152 132 -242 -94 -204 -66 -98 -287 -227 127 -284 -43 -12 -300 -131 216 -180 -151 -8 -102 -128 214 -99 225 -70 164 -255 -160 -24 -141 73 -260 5 -189 -281 -273 -219 268 -171 254 224 -231 -61 -122 -277 69
200 -181 175 -273 -250 -176 -155 -98 -120 -239 -210 -177 -225 -186 -119 -244 -157 -16 83 -227 19 -206 -261 116 -146 189 28 -50 -194 -195 -143 -187 -128 -204 -10 -1 -156 -298 -280 -97 -180 -289 138 -112 -188 -108 -35 -136 -127 -140 -290 -271
261 -94 -27 -233 -29 -137 -37 -166 -16 145 -34 -244 -81 -208 -131 -284 -288 -189 -35 -186 -274 -63 -87 -178 245 -263 -59 -251 -118 -226 -122 -22 162 -231 -204 -289 -196 79 -298 46 -21 -197 -32 -10 -108 -41 -205 -211 -182 -105 246
233 -117 96 -139 208 -155 -296 -106 -89 97 -125 -116 -44 65 -280 -135 248 -118 224 -26 -211 -216 -146 -271 -246 -68 -79 -150 -14 -94 52 -283 -148 -37 -225 -12 -169 -286 -102 -153 -62 -23 -237 -240 15 -144 -210 -222 -105 -8 -81 -36 197 270
64 123 -53 71 -135 86 70 -300 -158 -164 23 -82 -75 -200 -167 -88 -59 -160 -222 -144 -48 -131 -19 -165 221 217 32 -267 81 -268 -26 -25 -56 -69 -225 -249 298 266 -209 126 -247 -229 -97 -34 -76 -29 -264 -2 243 103 -279 -191 -108 -83 -128 -127 -284 -182 -193 -255 -30 -218 51 -47 -141 -184 -149 -39
185 -156 -34 -236 -195 -200 -178 -103 -69 -142 -26 -153 -125 -154 -300 -199 -35 30 109 -164 -118 41 -117 -251 -277 -25 -212 -256 -32 -17 -244 180 238 -201 38 -270 -146 105 107 -86 -168 -72 -169 -90 -129 291 -45 -44 -190 -112 217 -3 89 -207 -23 -20 -149 -10 -120 -224 43 -165
211 -81 -300 173 -64 -128 -254 -138 -115 230 -183 90 -244 -296 -239 -218 -65 -269 -46 -73 -51 -79 -206 -30 -100 -67 -120 -255 195 -54 -13 -35 -196 -295 39 -228 -2 -60 276 -136 -153 124 -163 -258 -209 -157 -224 -210 -150 -41 -62 -23 21 4 -242 42 -131 207
64 -190 -262 -298 220 -207 -236 -182 -13 -263 283 -165 -94 97 105 -177 -127 -293 -10 -287 -171 -186 -102 201 -248 -76 -80 -109 218 -227 -62 -229 -260 -246 -23 -55 210 -234 40 -159 -215 -279 184 -144 -195 -77 -146 -37 -292 -57 -200 -158 -107 -250 -288 -223 -49 -180 -277 103 -212 -120 -281 164 -167 36 -249 -31
117 33 111 -48 -98 -105 51 -294 -233 -53 -178 20 270 -287 -161 80 -230 -73 -249 -212 238 195 -261 -57 -58 -199 -282 -205 -228 -189 -244 -31 -84 -60 -264 -2 -194 208 -177 -65 142 -4 -124 -260 -109 -193 -44 -184 14 -290 -71 -29 -68 -180 -229 -131
140 -229 -277 91 -175 -59 -17 -275 -194 -71 -50 276 115 -150 -199 -188 138 295 121 -54 -97 -114 136 255 103 -41 264 -18 -118 -131 -98 -224 -8 -123 -218 -38 -286 -66 -74 55 -164 -298 -86 -11 -63 -190 51 -81 -219 -68 -62 184 -14 -124 -163 -100 -47
97 -79 4 -62 -28 -39 -68 -219 -88 -27 -264 -225 -223 -269 -112 234 -278 -53 -244 235 -207 -290 -226 196 -122 -80 -57 -107 37 247 -267 -220 -108 -71 -281 -103 -124 -82 -252 271 -283 -213 42 -51 -176 -299 -117 59 -184 -119 -120 -163 -293
79 -4 -151 -230 -226 -122 243 -41 -290 -167 -59 -115 -196 -10 -134 -149 -70 -33 -242 -289 -233 -219 -204 -145 -207 -246 39 -93 153 -284 -294 -124 -139 -130 -237 -193 -56 -260 -67 141 -164 80 -5 -105 -195 -174 -177 -200 -69 -114 89 -29 -287 -254 -118 -17 -64 -181 -1 -258
189 -114 -274 -100 -242 -280 290 -127 -154 -170 -63 49 -169 -207 -208 -37 -190 -29 -295 -153 -62 -92 -236 -229 -264 -11 95 -124 -286 -160 -248 -77 -136 -281 -67 -60 -296 -34 -225 -173 -284 -271 -51 20 -131 121 -113 -209 -150 -36 -177 -117 -75 -247 -183 -45 -22 -243 -61 -221 -68 -240 -8 -107
158 100 -143 -234 -199 -194 -298 -31 -6 -259 -18 -41 -229 -49 -78 184 106 -288 -238 -68 -88 -84 65 -269 -262 -82 -83 -172 -39 296 -160 62 -141 257 -48 4 -95 -265 -30 -232 -52 -271 28 -27 -79 -118 -240 270 -204 -136 -173 -121 211 -295 -16 -87 195 -212
178 2 -250 -21 -55 254 -243 -122 -83 -216 -153 -166 -232 42 -286 272 -125 -12 -293 -179 -121 240 -87 -56 -294 205 -51 -60 -280 -236 -81 -225 -119 138 -92 -112 98 -126 -271 -23 -135 -5 -90 65 -270 -281 -94 -258 -14 -213 -16 298 -52
135 -102 -178 -206 -70 -202 -254 -148 -133 114 -158 -30 67 -227 -108 -83 64 -244 132 -231 -221 39 -237 49 88 -3 -265 -289 -24 -80 -256 -212 -51 -285 -171 -266 43 -229 -127 -12 -268 -63 -68 117 -203 -111 197 74 -87 -173 20 -166 154 200 -146 -223 -48 121 -52 -272 -145 -249 -115 -297 -217 228 -59
176 -124 263 -190 -91 -184 -168 188 197 -130 -201 223 -111 64 -149 -299 -148 -137 -233 -258 -261 -28 -14 -95 -132 -247 -138 -40 -158 -191 -6 -227 -32 -195 -55 5 -107 216 -36 -268 -262 -27 -273 -60 -96 -290 -71 -99 53 65 -173 -169 127 -297 -286 -121 -221 -97 -277 -265 115 -62 -249 -298 -1 236 -79 -35 276
33 -214 -272 5 -55 -233 -258 -34 -284 -15 66 -129 -62 -199 -50 -40 -47 -63 101 -100 -125 -218 -293 -43 -198 22 -76 -151 -117 153 -180 -106 -210 -142 -292 -265 -2 -190 -263 -211 97 -295 -269 -35 -262 -96 136 -88 -256 -192 -228 -114 -110 -147 -195 -197 -255 -145 -68 -279 177 -133 71 219 -118 -83
98 7 -74 -256 -46 -168 -79 -243 100 -95 -183 -105 109 -263 -26 -32 -283 -35 -24 187 184 -224 -129 -178 -172 -77 234 274 -20 6 -37 -275 -235 -245 -53 -34 -238 -134 -266 -128 -249 -295 -93 104 -30 -236 264 -135 -138 226 180 -111 -286 -195
122 -102 -99 -292 -152 74 -221 -226 -84 -236 -257 35 -78 165 -279 -135 -266 -243 -278 -276 -53 -11 -29 -203 68 19 -178 -155 -247 -244 -186 -90 -184 167 -4 149 -275 -45 -28 -133 -262 -205 -86 170 -127 231 25 200 -271 -59 161 -277 -177 -65 23 -50 -297 -67 14 120 -270 -119 -43 -245 -220 -114 -97 -154 -207 95 -9 103 156 -194 -273 219 -147 -204
102 119 148 -34 -109 -267 -203 -230 -174 -38 -215 -275 -67 160 -298 -132 237 -210 -126 273 -3 -189 -70 -236 -240 177 16 156 -248 -284 12 -50 -295 -151 82 5 -31 117 -37 -283 -41 -145 -201 -135 -4 130 -141 -118 -95 -100 179 -281 -191 -216
113 213 -150 272 -207 -84 -135 -233 -286 -216 -66 -22 -111 -273 14 2 -185 -234 -19 180 45 -263 -93 6 -230 129 -30 -289 -75 235 -136 249 -168 102 -58 -158 -16 -95 -293 -204 80 -145 -100 -252 -114 -34 -170 -141 157 -86 -85 -56 -23 -188 -160 -142 -221 -246 -12 -144 -82 105 -32 -38 -70 284 -26 -178 20 271
81 -221 -139 -186 -103 -225 -223 84 -152 -72 287 -118 -200 -154 -49 -96 288 -35 -128 -278 -114 238 -172 -209 -10 -176 -170 -142 207 -212 -59 -93 -145 -24 -120 -165 -69 -42 -175 -61 -125 -36 -277 -70 -224 -300 -43 -256 -55 -28 -294 -98 -188 -146 239 248 -40 -181 -155 -229
124 -86 -105 -231 -66 -283 -140 -268 -34 11 -94 36 -171 -243 -148 57 -188 -165 170 -33 -206 300 -217 -107 -214 -186 -267 -96 -251 -175 -292 -199 -247 25 -91 -51 -72 -282 -229 -227 -266 -10 -271 -200 -143 -194 -196 -151 238
42 -46 -158 -24 -236 -115 -278 -53 -251 -203 -244 164 -234 127 230 -80 142 -29 -96 -110 177 -220 -294 -188 -231 -229 292 -187 -290 -208 -26 -144 -70 -56 -11 91 -23 30 -140 272 -298 -226 -69 -15 -58 -213 -227 -246 -211 223 -128 -274 -237 -248 -123 -5 -178 -95 -170
259 -40 -183 -29 -28 -225 -294 -71 -207 -240 210 -117 94 -218 -121 -108 -143 -148 -274 -224 -217 63 -279 -276 -142 -200 -246 -64 16 -181 -17 -216 -204 -198 -283 96 194 5 -209 -88 -187 -233 -131 -35 -258 -52 -57 -48 -244 -51 -293 -90 60 -75 -161 -139 -257 -251 -66 -195 -298 -135 -120 -37 -232 -242 -289 -128
4 -10 -51 275 -167 -277 -264 87 21 -130 -136 -81 86 -213 177 -144 60 -287 -80 -205 -109 -138 104 23 231 185 -274 -220 -105 -215 142 -74 -227 -207 -232 282 270 281 -166 -182 -164 -187 -267 -241 -244 209 -31 -119 -65 -88 -155 -47 -184
230 188 -255 -130 -30 -9 297 -5 -129 -244 -142 -26 -267 -172 -99 180 -212 -175 -204 -300 -107 -251 294 -13 -18 -48 72 -53 -183 -148 75 -93 265 197 -131 135 -114 -39 -296 -285 -164 -31 -128 -32 -299 -264 -3 -82 -73 -266 -123 -136 263 -154 -41 -245 -87 -85 -56 208 -137
154 87 257 -202 -223 -145 -233 102 -211 -293 -226 -35 -238 -191 -66 -178 -260 -283 -274 -97 -287 -155 118 -203 -85 -111 -128 -88 47 -210 -267 -218 -297 91 -37 160 -235 -151 -75 -80 -83 -255 -133 -139 -273 -71 -134 -158 -247 -15 -206 -219 40 -95
126 -261 -81 240 134 -226 -235 -243 -156 -217 -57 -76 -31 -51 39 2 -152 -44 -66 -292 -35 -167 -5 -68 -91 -13 -128 -62 93 -155 -17 -206 -245 -9 -22 43 -136 -225 -223 242 -262 269 -85 258 278 -153 239 -124 -92 -191 -147 -88 -283 -293 -148 -168 -80 207 113 -45 -89 -123 -46 71 -34
299 -277 -131 -243 -99 -151 -158 -142 163 -220 -130 -237 -137 -65 -283 -200 116 -49 -108 -44 -144 -80 -262 -266 -107 -174 -255 -72 -10 -186 -92 -157 -110 35 265 -184 83 -111 -185 -8 -139 -75 -133 -208 -189 -30 -33 -129 -41 -135 -100 -59 -207 -238 74 -136 -166 -286 -217 -221 -15 -279 -17 -119 -141 -162 -175 -121 -117
203 -58 -259 -248 -285 -184 -118 -129 -154 242 18 116 -94 191 -126 53 -133 -145 -146 -182 -98 11 -292 76 -183 -209 -31 -298 -265 130 -44 -214 -35 271 -217 -75 -197 -238 100 -213 -205 -122 -252 -253 -127 -124 -164 -264 -6 -210 42 -40 138 -113 -247 -39 -296 -27 -166 -240 -221 -204 81 -93 -54 246 173 -277 -168 -69
73 -149 -33 -95 -78 -176 -228 -111 -98 -43 -132 67 -4 -35 -209 -173 -88 -126 158 11 66 101 -294 -109 -14 136 -231 -266 191 -252 -25 190 -178 -41 -27 119 -30 -192 -103 38 -115 -255 70 -125 -213 -139 -5 -273 -53 278 -208 55 -28 -195 -110 -61 205 -168 -18 -259 -161 275 -295 -289 -187 84 -157 -207 -203 -268 183 129 -204 15 -107 -163 -120
271 -129 77 -90 -63 156 -97 -64 118 -114 -290 57 -16 -183 147 -51 -50 203 -142 -107 -270 -169 -32 84 -249 -73 -229 -178 -164 -125 -24 39 -187 87 -200 -92 108 -234 -292 -130 -139 -260 -31 -300 -52 -269 89 166 -17 -111 -19 -106 -151 -140 4 -272 -46 -168 167 -257 -212 -162 -26 -248 -109 -67 152 -141 205 34 -61 -239 -121
198 -253 -197 -166 -215 -282 -4 -187 -163 -265 -22 -37 -107 -127 -132 -264 -60 -115 -245 -71 88 -285 -87 -131 -180 -294 -133 -14 -100 -141 129 -288 -43 -122 19 -123 -257 258 -250 -275 90 -174 -62 -276 -66 -252 -111 -146 -30 -142 -56 -138 151 -38 -208 12 -139 -221 -34 -44 -271 137 -204 -261 -70 -263 -172
217 202 -201 -283 43 195 -293 45 -239 -152 -262 -26 -281 -40 -120 -185 -37 -149 -196 -175 -173 -109 -198 -78 -261 -12 -248 -165 266 -11 -197 -23 -15 -207 -148 -238 -168 -154 -129 -58 164 -227 158 -87 180 -10 -50 -92 -231 295 271 -177 -188 -160 -118 13 157 -113 -183 -290 -63 137
14 -15 -210 -108 -69 260 -91 289 -35 -85 -279 -232 -221 226 292 -147 -121 225 276 2 184 -133 -203 -214 -104 -152 -258 -106 -5 9 278 -128 -196 205 -194 -282 1 -253 -12 -140 -249 30 31 -88 -25 -164 -173 -8 -76 277 92 -3 -291 -213 250 -207 -97 -199 -22 -127 178 -145 -102 -197 -166
242 200 248 255 40 -234 -249 -105 -75 -141 -266 -254 -257 -205 -293 -139 -9 -250 -126 -95 -239 -78 -251 -137 -178 -21 -252 -171 -212 -193 -96 -122 -119 -25 -221 -53 217 -296 -114 -277 300 -69 -208 -244 -291 -5 -216 83 -17 -275 -145 -183 -33 -2 204 -286 -276 256 22 -268 -223 263 -138 -259 232 -12 -299 102 -124 -30 -10 225 -168
35 -288 -245 -115 -213 -4 -96 -77 -275 -70 -133 -130 -134 -1 -126 -101 -215 -168 -241 -251 -159 -73 -264 -281 -23 -242 -55 232 -261 138 -139 -199 -141 196 193 -176 -172 231 -237 -256 -186 49 -135 -24 -175 -293 -267 -88 -161 -195 -99 289 100 -154 -87 -80 83 -164 -246 -85 259
240 254 -272 -97 -93 -72 -122 94 -152 -282 -49 -180 -23 -68 -128 -277 -21 -193 -123 66 -298 118 -10 -115 -161 -42 -179 -256 -198 -78 -24 -25 -67 -34 -114 -232 -188 20 -119 -79 -51 41 -59 -52 -177 -102 -207 -209 -3 -170 -158 -106 -76 -184 -99 -221 -19
26 30 295 -156 -66 87 -281 -31 -34 71 7 157 -13 11 -269 -211 -249 135 -228 -150 5 -198 -222 97 -16 -136 -38 2 -67 240 -242 -229 -116 -277 217 -275 -285 -44 -64 -255 -39 -214 -151 58 -139 -106 166 -263 -170 -292 108 278 161 -267 -209 -105 -14 125 -286
20 -192 -36 -106 -102 -51 -202 -6 -160 237 31 100 -164 -32 -33 -58 210 -155 -23 -65 -98 -289 -138 243 -88 -42 -201 -84 -21 -224 176 -283 -171 -226 -116 -97 -54 -256 -35 -181 -94 158 -269 -249 -262 -105 -218 -28 -223 -14 -162 -279 -214 -219 -122 5 -110 -44 182
71 -134 -93 -156 -73 122 8 -244 145 -231 -148 -210 286 7 -232 125 225 -224 -236 -242 -2 227 -143 -55 -241 -95 147 297 -250 -251 -167 -282 -299 140 -152 90 260 -81 -279 -16 -41 -91 -245 -223 115 1 -235 135 -77 3 -212 -258 284 -195 -283 -233 -249
190 -54 138 -291 -83 -51 -93 -246 -30 100 -71 132 -299 -286 -73 243 -156 -184 118 -278 -40 -59 -165 -179 -238 -241 124 -172 -102 283 -239 208 188 -116 -207 -171 277 -80 -26 121 -213 -4 183 -52 -90 -189 -181 -61 -67 -63 -44 -3 -161 -106 -104 -5 195 -247 167 -119 -22 261 248
239 168 -76 -109 -54 -104 -280 114 -240 32 -83 -205 119 167 81 -89 270 105 -208 -209 -284 -216 -78 221 237 -266 -144 -111 -45 -244 -77 -184 -252 -191 -13 -273 137 -110 -116 -283 -183 -214 212 -128 -210 -95 274 161 176 -127 -120 -296 -271
53 -185 -272 -261 -227 -94 -100 210 -2 -290 55 135 207 -228 -164 -41 -142 205 -253 -15 214 149 -229 -277 -190 -72 -226 -75 -131 -297 -295 51 -3 -269 -8 -29 -66 -296 -113 -5 -249 -162 -24 90 -232 -220 -85 255 -154 -151 -174 -148 -127 32 -120 -40 -233 -57
10 -223 -89 -55 -284 -285 63 -75 -11 17 -248 -94 -192 -87 -105 -168 -90 -181 -163 -147 -128 233 -204 -2 -187 -263 -99 -201 -134 -60 -253 -150 -118 -254 -34 -177 -121 -156 294 -167 142 162 280 102 -279 -3 252 -70 -183 -194 243 -261 -226 -188 -138 -229 -43 -135 113 131
230 -228 -80 -44 -2 -295 -291 64 -265 -221 115 -58 -209 97 -134 -22 -122 -36 -155 -51 -190 -136 -126 282 56 -54 -59 -28 -236 -283 -111 -4 -212 -198 -172 -224 -10 208 -8 53 -42 -27 -20 271 194 -186 -1 -217 -139 192 -159 -89 19 -108 250 -232 -206 -14 -253 -161 -33 -67 -202 -35 245 -147 -124 47 -235
282 265 -202 -154 -251 20 -136 -103 -36 -140 -39 163 -67 -152 -144 -8 -292 -102 -294 -50 -290 -99 236 62 -232 -296 -169 87 -272 170 -64 97 -69 -119 -3 291 231 -211 55 156 -84 -130 -278 212 -255 157 -241 -132 201 -199 262 -90 2 -297 -253 5 79 -227 -105 -233 235 -206 -32
95 -196 -110 -214 -85 -16 -115 -92 -258 -266 -117 -112 -175 -143 -152 -118 241 -223 -15 -160 -269 111 -233 -42 -207 -243 -25 -171 282 -125 -294 179 -270 -191 -58 -19 -114 164 -224 -210 272 -261 -247 -283 -124 -49 -3 -163 -204 -17 -68 -101 -93 156 199 82 -2 -187 -288 -198 -181 -48 -287 -165 -33 -144
204 85 -289 -162 -95 -214 -135 -157 -232 269 -187 -264 160 -21 -89 -173 48 -19 -167 -72 -233 -13 -218 -230 -212 -256 -266 136 -69 -294 100 25 -103 -108 -171 4 -112 206 -215 -290 -197 -209 -101 -219 -284 -59 -229 -126 -201 16 122 105 -51 -129 -198 138 102 -60 -130 -75 -139 -62 -163 -228
156 -127 -161 -275 -290 113 -21 -270 -265 219 -217 -183 -240 -233 250 -26 -261 297 -112 -251 -154 -289 -280 164 -274 -48 -163 -292 -52 -160 -14 -72 152 -105 -66 -115 179 -300 -190 -162 -216 -269 -224 -207 -196 -244 -288 -81 -165 -24 -120 -135 -114 -223 -281 -285 -248 -168 147 20 -76 -254 -268 255 -201 -124 -13 -130 78
230 -146 -160 -215 -200 -31 -108 -212 -262 -34 244 -261 -30 -273 -170 -150 43 -17 249 -198 -112 -51 -91 -19 -126 -47 -117 -233 -236 -61 -116 -50 -107 -143 -216 -10 -135 -5 -153 -226 -227 -162 -232 -239 -96 -274 -7 52 -173 -55 -86 -293 -265 -196 -235 -122 283 -297 -123 -144 -83 248 -184 -245
273 -241 240 -116 -157 -98 -34 -162 -19 -180 -83 -136 70 -288 -31 -198 -37 -60 -109 -52 202 -111 -71 -53 -175 -81 -67 -217 248 -268 62 -106 -17 121 -189 200 -152 151 -57 -153 -12 -50 252 -145 -104 -235 -15 -197 -201 -134 -234 287 250 -89 -219 -33
193 -188 -59 -296 215 -124 -198 -25 -229 -211 185 -178 -33 -37 192 -284 -49 -269 -277 -213 -146 -289 -164 293 248 -38 -285 -226 45 -88 -21 -111 -54 -83 -208 -228 -196 -110 -8 -199 -227 -260 294 279 -194 -71 253 96 -100 -139 -290 -270 -292 191 30 -89 -29 -87 -92 -145 -13 -85 -282 -11 -173
183 -279 52 -135 287 159 296 -72 -93 -186 -138 192 -80 -212 -190 102 -271 216 139 -149 -154 -146 167 -10 -170 -66 -2 -111 -276 36 -44 -263 206 -232 74 -107 -272 -280 191 -267 -113 -109 96 -285 -299 -227 -165 -241 -88 -185 -130 -17 194 -226 -57 -151 -231
218 -56 -174 -166 -23 -78 -237 -24 -136 -290 -119 -223 -72 -58 171 -67 -267 144 -15 52 209 -170 -107 43 -184 157 143 -18 -158 -293 -20 142 -89 -113 -167 -248 -256 -120 -27 -105 -217 -269 -278 -40 -268 266 -42 265 -220 -195 -286 -254 39
287 -21 69 -227 27 -86 -83 -174 -190 -79 -258 -202 -55 -292 -209 -109 -89 -82 -272 -41 -193 -103 -158 -284 -243 -121 -161 -164 -162 259 -218 -110 -61 -234 -123 -163 -257 -271 -20 -1 -47 -297 -187 -199 -233 -169 -8 -71 -92 -99 134 -60
96 -216 -225 -1 -269 -241 -109 -99 -294 -229 -261 -226 41 -121 -287 -201 -165 -236 161 141 -256 -149 -174 -163 -111 -34 -180 -242 203 -106 -116 -204 -192 290 -292 -95 -233 -75 -91 213 -278 -113 -43 -138 -17 270 -79
6 -298 -100 -220 -107 -43 -269 -261 -234 -154 -208 138 110 -155 -173 -15 263 272 -188 -179 -289 -290 -146 225 98 -293 -65 -56 -78 13 -114 -178 -215 139 -171 -64 -174 -34 -49 -29 -170 -297 3 -256 -47 -12 -142 -119 -190 -125 -292 251 -45 130 -106 -244 -203 224 135 -149 23 -143 -255 -39
35 -79 -172 -262 -274 273 -84 -101 -272 -109 -50 -126 171 -268 -89 -108 -174 -249 -91 -238 -222 -155 -97 -4 -219 -44 217 253 -287 -80 -248 69 -247 -239 29 -233 -175 -28 -43 181 223 -232 -6 243 39 -133 -139 -179 42 -169 -276 81 -176 -231 -54 -261 116 -206 295 -77 -67 -147 -194 -78
54 -249 99 -210 -14 61 -260 -10 -50 151 -83 -282 -116 -196 171 -283 -224 114 -47 -155 -241 -42 -214 -27 -274 -230 -137 -264 -285 69 -52 250 -178 -141 -110 -288 -240 -195 -46 -119 -12 -98 -104 201 -43 -167 -144 -275 170 -278 -194 -208 177 -51 244 -75 86 -73 -53 -68 -79 -121
13 -108 -267 -180 111 223 14 252 -280 -264 161 300 -292 34 -5 156 -17 -22 -86 -155 -281 90 -186 -238 -163 -182 -132 -190 -294 119 -165 258 12 -259 -209 -175 -72 -117 -290 -152 -200 16 -221 -192 -239 173 -193 116 -4 -98 -213 -113 -59
71 214 -174 -244 293 -284 -134 -68 60 -103 -66 -252 -251 -88 -131 -246 -111 40 -275 -160 -216 299 -212 -296 -188 100 -254 152 -280 193 -116 -210 -242 -55 -206 -289 -209 -243 -140 -157 -109 -292 -150 -159 -228 -294 189 -4 -168 -262 -120 -163 -78 -267 -200
96 -262 -238 -57 -13 10 -297 266 -55 237 -113 6 -157 -81 -190 -148 210 -283 90 -28 -231 -141 -99 -14 -270 -261 -48 -153 -294 -24 -201 -288 -244 -168 17 -216 -212 -145 -154 -128 -293 34 161 125 -217 -39 -72 -7 -195 37 -23 -205
78 -226 -117 -249 -132 -298 -234 -283 -135 -166 -180 -106 -113 -201 -207 -6 -96 -191 -61 -58 -178 -59 -170 -72 -85 -183 -136 -213 -243 -43 -109 -252 -124 -11 -5 -221 -217 -108 -237 -159 -51 -32 -231 -271 -296 139 -93 -285 -26 -143 -31 -63 -195 -126 -297 -34
162 -18 85 -159 -48 -40 -112 -197 -31 -209 -149 -254 -163 -118 -110 127 10 -29 279 -297 243 -30 -271 -191 -196 -67 -55 -72 -286 -13 89 -298 -75 -164 -46 -224 -220 95 -218 -41 -138 -76 -233 -222 -285 -122 64 -227 -45 -258 -295 -251 190 -68
76 -218 -241 -31 -144 -94 97 26 -186 -32 106 -191 -260 -196 240 -130 -25 -110 276 -300 -230 -179 -101 -159 -115 -227 -245 -250 266 -79 -183 -24 -254 -2 -283 -135 -251 244 -105 -34 -264 -154 -23 -27 -265 -173 -69 175 -238 211 -284 -66 -48 -253 -127 -82 -236 -195 -36 246 -199
200 -230 -187 -151 -90 -58 -236 -188 -210 33 -157 -299 -127 -196 216 -283 63 291 -252 -272 -154 -147 -81 -143 -29 -110 -282 -80 -294 -267 -222 273 -197 -247 -257 84 -122 -226 -237 92 245 274 -37 -20 -198 239 -4 -107 275 -184 -193 -152
104 -44 -177 -120 -191 -73 122 -35 -279 -205 -13 -36 -154 293 -245 -96 -29 -266 -162 -90 273 -54 -298 -33 -282 -256 137 -219 132 -109 -169 -128 -190 -184 -248 -56 -263 -212 48 -231 -66 -287 -159 -57 183 -171 235 -15 -134 -40 -255 -85 -236 110 -269 -26 -65 -38 289 -143 32 -300 -23 -139 -215 -204 -93 27 -7 167 -9 -18 -149 -147
167 -66 195 -65 -273 189 -2 -186 -10 -198 -241 -39 276 -164 -291 -128 -106 -158 -162 -263 -148 -72 -169 -97 -156 -42 -38 -51 -293 129 -279 86 -255 -217 -81 -138 -161 -222 -64 56 -41 -221 -176 181 -92 -1 -154 -231 -182 -58 -207 -264 -131 -87 102 -83 24 250 -194 -160 -245 -300 260 277 -62 -14 -84 -104
191 -105 -254 -279 -149 -26 -175 -250 -35 -28 -29 -129 -292 -83 -1 -81 -299 186 -268 -262 -78 -192 -25 -282 223 274 -122 -247 -7 -251 -249 -261 -152 -173 -127 -130 -62 -88 -3 -236 -148 57 -16 -52 24 -281 -263 -73 -145 -246 -133 -272 -56 -288 -161
35 -169 -279 -159 58 -39 -149 -168 -99 245 -8 -145 -234 -44 -139 -171 -225 -198 46 -146 -252 -97 179 -236 -199 -246 -206 94 -130 -142 -262 -239 -60 -250 -208 -29 163 -205 296 -156 -148 -13 -184 -126 -21 258 16 -64
222 -270 -148 -291 120 -181 -259 -110 188 -170 -85 -12 -38 -79 -19 195 -252 -104 -218 3 -144 -139 182 -284 203 -234 -51 -238 -225 -138 -186 -261 -147 -176 -28 -72 -8 193 -253 -83 -232 275 -185 -145 109 -260 163 -92 168 -290 -6 49 -250 126 -21 -167 -251 -102 -246 -141 -22 -295 187 100 -192 -207
233 -66 -295 -161 -243 -44 -125 172 -297 -62 -173 -192 -96 -188 -88 -91 -168 -41 -120 -12 -1 -170 -113 -220 -185 -25 133 198 -189 -259 -89 -93 -103 -36 -45 -72 -190 -22 -10 -241 -137 -176 65 -146 -77 -47 -208 -180 -63 -232 -122 -182 -270 -299 -2 -31 -39 -4 219
147 -187 -239 -230 -153 62 -102 -149 -190 -54 -157 208 -233 -204 -51 89 -56 -43 -83 251 168 -243 -142 -9 -257 82 -169 12 -212 -219 -186 -290 -183 -165 30 -202 -37 113 -236 -79 -85 -249 -206 -295 76 77 -198 -266 -220 -148 -245 -90 -174 -221 -262 28
8 -4 144 -235 -243 -71 -67 38 -211 -195 -167 288 208 -36 274 -226 -241 -100 -272 -221 -82 142 -238 -104 -118 -125 -14 -222 -53 -66 -79 199 -92 -10 -233 -68 -56 -101 -291 -247 -156 -13 -117 -58 -202 -80 65 -86 -143 103 -149 -264 -99 -33 51 -298 -87 -89 269 -239 -151 -15 -187 -261
90 -137 -256 -295 -39 -241 -196 -202 -116 -161 -71 -87 111 -204 -226 -245 -125 120 -199 -277 -244 -142 108 79 -234 -97 -66 217 -176 -287 68 -28 -27 238 -131 -268 -55 -300 -210 -16 134 -74 -242 -265 -46 -63 -62 -67
155 -231 99 -152 207 -195 -259 -69 -137 -116 -76 121 -188 128 -95 -98 -15 -282 -63 -50 -75 179 -161 22 -17 -56 -268 -284 -248 -253 -82 -184 -276 -183 212 -109 141 -205 -139 -299 -53 -52 -85 -101 -77 -142 -74 -66 11 -135 -199 -187 -201 -81 -171 61 291 -88 -277 -151 -165 -2 -14 -9 -113 -283 -194
38 80 -146 -136 -216 -95 -100 -4 -106 278 -139 -20 -76 125 -59 -99 -129 -43 300 -188 -150 290 -263 181 -200 -142 -49 -7 -39 -251 -201 -149 -198 -210 -54 -65 -61 -114 -67 -190 279 -28 -88 -296 -218 -295 -235 -46 -85 227 -10 -271 264 252
291 -166 -143 -86 -177 -294 -183 213 -186 219 -200 -180 -112 298 -170 -12 300 -51 -297 -272 -172 -184 246 -191 -109 -148 -178 -138 -241 -299 -92 -171 228 -132 247 -248 -153 -131 -39 -28 -71 -221 -158 -128 -4 -61 -137 263 -16 -278 -232 -105 -56 -145 -23 -97 -75 -222 -69
263 -216 -260 -167 139 -56 -52 -250 -132 -190 -124 -35 262 -81 -2 -85 -299 -236 -270 -113 -94 -115 -166 -96 -203 -257 -253 -123 -130 -160 -189 -43 -195 -118 -20 -197 -111 72 156 -106 -284 -193 4 -75 219 283 -126 48 254 -24 -16 -127 -297 -169 -267 -159 -134 -199 -208 -210 -114 -181 -144
1 -169 -115 8 -87 35 -52 -104 -294 -240 -223 -207 -180 -239 151 -139 -29 -152 -70 -165 -76 178 -252 -42 -4 -274 -159 -65 -194 -253 -54 -153 86 -188 -242 -286 -34 -19 -110 -71 -249 -96 -36 183 120 -269 -296 -267 -272 -106 -167 248 -187 -157 -166 265 -206 -300 -247 -299 -268 -155 -111 -145 -23 192 -79
291 -275 -241 -144 80 -280 36 -19 -54 -28 -219 -83 -124 -31 132 -46 224 121 294 166 137 -213 -228 -191 -230 -17 -116 -101 -278 -120 -24 -131 22 -68 49 -189 -192 -288 -285 -25 223 -58 -173 -126 -277 -218 -187 203 -204 -216 -65 251 -100 253 -235 -18 -246 -106 -71 297 -198 -78 -104 -48 -265 -107 -92 -85 45 -201
47 -10 -86 -115 222 -198 67 -27 78 -179 -80 -252 -12 -139 -34 -107 -250 -131 26 -285 -65 -21 -91 -135 -293 -118 -218 -43 -39 -255 -18 -257 -138 -214 -98 -217 -56 256 -241 -140 -164 -188 -22 134 -163 -203 -275 -59 -122 -15 -298 -52 -145 83 114 -212
51 -233 -12 -194 -92 -125 -129 -83 -261 -267 -170 -180 274 -285 -156 -116 148 -113 -37 -300 -77 -142 -149 -110 76 -4 -253 -250 -85 -57 -132 -121 -161 -290 -1 -154 201 -102 -101 -222 -192 -119 -112 -181 -49 -293 -213 211 -252 52 -232 -185 -84
211 -67 -63 -92 -98 -205 20 -180 -266 203 156 6 -251 253 -290 -128 -247 -267 -106 -131 265 -189 -210 -239 -221 -276 -176 -90 -164 -47 -87 -204 -82 -219 -83 -117 -111 -44 -91 -283 69 -147 -284 -191 -136 -133 -146 278 -16 -171 -2 -24 -201 -167 58 -100 -179 -174 -37 -241 -207 -123
296 -137 127 60 25 -162 -144 -116 -86 5 -222 -22 -69 172 82 -13 58 -201 -275 64 -132 -73 223 -230 -129 -191 -114 -247 -107 -168 -281 221 -23 -157 -226 -48 -119 -273 -27 43 -139 -7 -181 -234 -165 -245 -176 -190 -179 16 -260 -9 -224 -288 -209 -26 -65 -59 -217 -240 -42 185
187 -255 -122 -45 -17 -116 -35 198 -74 -141 -134 -236 -82 -157 252 -142 -163 220 39 193 -164 -159 -206 -30 -120 -214 -181 123 188 -234 -90 253 -155 -197 -28 51 -139 -238 173 -229 175 -191 -56 -133 137 -79 -201 -156 -274 -266 -94 -179 -100 -227 -118 151 -254 25
178 -45 34 -277 8 279 -256 179 -294 -108 -140 -280 -153 -267 122 -10 -230 101 127 -271 -175 -98 -52 210 -5 85 -35 -24 -19 -183 -166 -268 -250 -209 58 276 -114 -93 26 269 131 -216 -71 -84 -239 -142 298 81 212 -287 -76 -203
93 23 -263 -60 255 -56 -257 -141 -171 -151 -177 -175 -51 -6 205 -297 -280 -117 -83 -234 -115 -173 -45 -2 -229 -10 -139 -55 230 -249 -134 -197 -67 -20 -160 -295 186 -238 -214 -251 -35 -88 -124 102 -41 -169 -210 -198 -258 -215 123 -131 -125 -64 -268 -111 161 -17 -97 -275
279 -113 -4 -180 -271 -163 -182 189 -261 15 -234 153 118 -252 -66 -196 -253 -71 -299 -157 7 -248 -122 -225 -124 -235 -205 -125 -101 -262 -198 -127 -192 -67 -216 59 233 -138 -8 -104 -132 -170 -31 -217 -161 -36 -32 -65 -136 -158 -154 89 179 -231 -61 -68 -238 197 -19 -202 -73 -12
139 -98 -202 207 -212 16 12 -1 52 -225 110 2 44 53 236 -177 -103 -142 -23 -48 -226 -174 -22 -125 245 -211 -123 -171 -217 75 -254 -297 108 -205 62 -256 -137 -35 -270 -91 -60 -73 -113 -293 -82 -32 -97 -275 -148 90 -66 -172 151
79 31 -201 -214 7 -2 -244 72 80 -229 103 276 243 -281 -74 -228 -125 -89 -1 257 -83 -130 -28 -249 27 -81 -242 -19 122 -181 -172 -55 -262 75 -290 -268 -93 -286 -209 -133 -145 196 190 -32 -20 -283 -113 -192 -157 -246 -82 -184 140 -245 230 -109 -101 -284 279 -142 -247
15 -42 -33 -186 -56 -11 -164 -166 229 -128 -190 -49 -12 -131 -185 89 207 -213 180 -206 -203 -38 -87 -277 -266 -156 -18 -72 81 -210 -196 -201 -121 -10 -86 -269 58 22 -273 -248 136 -88 -261 -141
77 -101 -253 -46 257 -187 -296 254 -110 -69 -20 -26 -176 -114 -93 -148 57 -145 295 -222 -258 275 -233 -289 -234 -119 288 -90 -211 -294 -34 -83 -66 -189 -96 -201 164 116 -287 -94 -16 -285 -153 -32 -52 -240 -182 -198 -15 -4 -235 -141 263 -264 -97 -180 -56
160 -176 -235 -93 -131 -66 -113 -275 -58 -26 -95 -156 -229 -234 -127 -147 -102 -2 -74 -17 -219 -279 -173 32 -149 -245 119 -80 143 233 -3 -41 253 -280 -255 -12 207 130 -257 -140 282 -291 -5 -232 -61 -138 -236 -151 -11 -220 -208 -72 -227 -161 -46
39 242 -12 -249 -232 -285 -18 -87 -211 143 -43 -120 -283 -35 287 -102 -165 -181 -57 -47 -106 -240 -110 54 128 56 -172 295 -42 -247 -191 58 -46 8 -121 -134 -290 -190 34 -157 -21 76 -137 -109 -235 -90 -118 -28 -9 -23 116 -135 -85 70 -97 -119 -175 -155 -59 -300 -203
271 -51 -126 -107 -188 69 -130 157 -150 -225 -57 -98 -64 -46 -10 -115 -59 -42 -261 -247 -128 156 255 -106 -26 -101 -104 -253 -265 -108 -109 -136 -273 -116 -264 -92 -208 -66 -119 -145 -239 200 -167 -181 -232 -5 38 -140 -117 -221 -215 -219 -293 86 -276 -211 -202 -6 216
13 127 -186 -162 87 -86 -228 -99 -241 -65 -273 -153 -103 -290 -192 60 -14 -72 -277 -108 -42 -43 -172 -142 -114 -276 -125 -91 -69 -268 -296 -199 278 -117 244 31 -169 -93 177 -56 -97 -121 -33 -132 -111 -214 -189 -105 -288 -237 -291 279 -292 190 -210 -83 -204 -100 -32 40 -274 -131 -227 54 -258 -211
293 -170 -73 -35 -209 -233 -15 -196 227 -197 -191 -248 -214 -193 254 -105 -18 213 78 -183 139 -61 -244 -12 -153 -46 187 -163 -237 -104 -127 13 -272 79 31 -287 -276 -126 24 246 -158 -91 -136 -88 -107 190 -205 -289 279 -159 -175 -71 -93 -21 -122 -98 -286 -150 -72
147 -223 -57 215 -140 -137 -154 -95 -239 207 -292 -238 -187 -80 -217 -30 -237 -113 -203 -133 -136 -135 257 -19 -192 -209 -162 -58 169 10 -270 260 179 -64 254 195 -166 -224 -5 233 44 -72 -220 -144 281 -129 -94 -170 -23 -22 289 158 -297 -61 -17 -227 -290 -108 -295 -275 -175 38 -200
17 70 209 -181 -64 -12 -254 -13 1 -205 -231 -174 -294 -202 262 -90 23 -210 -217 -207 -183 -59 -97 -156 -175 79 -8 -233 -195 -16 267 -119 -221 -274 -281 -292 -73 -3 -227 -138 -11 -266 -22 -65 -273 -163 -61 -200 -155 -199 214 298 -126 -77 216 -191 -51 -36 -39 -192 -165 21
153 -238 -126 -42 -21 -15 -182 -44 -1 -209 -161 -46 -52 20 11 -151 -247 -122 -48 -141 -89 99 -197 183 -117 -289 -158 -2 -250 299 -10 -202 74 -188 -60 -263 -290 -237 -284 -67 -31 -143 107 -86 -200 -298 -123 -83 5 -77 -56 -233 269 -236 -24
157 -184 -28 225 188 204 -92 -109 -51 -36 -192 -293 -127 -96 -221 -193 -128 -259 -10 -185 284 -156 -290 -103 -44 -183 235 -165 -94 -83 -223 -209 248 7 -105 213 -57 -250 -34 -247 -300 129 -200 68 -216 -288 168 75 -71 -143 -26 230 -177 -181 -231 -134
234 -150 -61 -27 -6 -203 -24 -279 -51 -117 -165 -33 108 -278 -296 10 -171 -300 -19 143 -129 -161 -280 -81 110 -258 68 -109 119 -181 265 -79 -67 21 37 -53 -201 -238 -237 -266 -144 -149 -11 246 -3 -85 28 163 -226 -107 -288 -43 196 -123 273 -66 -82 -5 -93 -251 -245
37 -94 -241 -126 181 -300 -248 -257 36 -124 103 258 -273 23 -90 111 -212 -244 -122 -196 -135 -215 56 -291 264 153 -73 -87 -275 -175 -12 70 -263 48 177 -32 -45 -30 21 131 -294 -47 -293 29 -298 -232 -170 -230 -18 229 -187 69 207 -34 -42 -8 -51 -178 -238 226 -55 -43 -100 -125 -199 -169 236 2 -19 101 -182
239 262 232 -85 -89 -295 44 -113 -9 -292 -215 -136 -146 -2 -39 -228 -5 -19 298 204 -73 -45 -287 294 -271 -43 -56 67 -50 -153 -152 49 -156 -148 -90 -95 -149 177 -101 -260 99 -64 -87 -274 -293 222 -37 -176 -110 -235 -201 -52 -229 -30 -172 -217 -107 -63 -184 -218 -233 -250 -196 -213 -267
112 -103 -253 -79 -70 191 -64 143 -173 -39 -235 40 111 -169 -184 -133 282 -257 102 136 -92 -16 -75 -158 23 57 -34 -96 -44 -298 -193 -241 -36 33 223 -148 -49 -188 76 -249 -189 230 -216 -217 -215 -22 -134 -240 -180 231 -20 -295 -162 -139 -82 -65 -62 154 -152 -238 -195 -224 -84
293 -44 -97 -257 -264 208 -172 -43 -261 -176 -119 167 -248 -96 -71 -173 -218 -164 -72 87 -8 -94 -166 -37 -75 -282 -155 -63 -111 -67 -113 -79 -165 -152 -199 -246 -3 -161 -272 -127 -147 -122 -290 -211 -195 -36 -265 254 -34 -296 -92 -138 242 277 -106 -70 -263 -101 -51 -283 52 -205 -297 -210 -278
145 -245 -105 -186 -34 -144 -67 -103 -121 -258 202 -42 76 -33 -63 -100 104 -183 -142 -257 -48 -137 -290 -89 -14 -127 -278 -296 -224 -230 -82 -217 -259 -133 -274 -71 135 -250 195 -275 -216 -265 -130 150 -80 -254 58 -209 -194 -129 -167 -286 -149
128 -145 -120 -111 -167 -70 -115 -199 -97 -114 -35 -148 -281 -201 -96 -285 -143 124 -269 -181 -293 7 -84 -208 -11 -14 -103 -123 -175 -195 -12 -37 -122 -28 -20 -282 -30 -88 36 273 92 -192 -179 -217 -29 284 -66 110 72 -222 -95 -13 -177 -243 133 -102 -202 -286 -44
144 -264 -147 224 80 -21 -283 -214 -46 -3 -141 -295 -288 -215 163 -17 -243 -86 -77 -75 196 -103 -225 213 -109 -197 -87 -27 -81 -113 -142 -64 -199 -114 294 -72 -28 254 -234 -10 191 223 -168 -31 -189 -36 -25 -69 -293 -255 -45 -48 257 -32 -100 273 -300 -19 263 -277 -242 -188 -11 -91 42 -219 -276 -169 -104 -248 -12 -55 -140 -138
145 230 201 -294 -54 78 -12 -137 -44 66 30 -111 -262 -243 -236 -153 -20 125 -187 -242 -279 -267 -106 -271 163 229 102 -263 -190 -133 14 188 -174 -276 110 -53 -239 -241 -68 131 -127 -41 -92 -287 -162 -224 -269 -155 -280 -245 -223 -69 -115 -26 -146 -15 -215 -253 89 -76 -58
278 -88 -171 168 -94 -257 202 47 187 -107 91 -128 -24 -255 -18 -54 -51 -297 -81 165 -160 -38 -109 -23 -180 -227 -172 -8 -108 -42 -67 -19 216 -125 -119 -201 -235 -300 -281 -12 -43 264 -55 -50 -92 169 -29 -1 -236 -87 -232 -9 -129 -228 -74 295 -90 -77
94 70 -152 -281 -117 -157 -276 -148 -293 129 -203 -43 -254 -74 -279 13 -202 -98 -41 -294 55 -264 -17 -125 -195 -273 5 -1 -263 24 -89 -149 -185 -28 -225 -291 -196 -64 260 -21 -242 10 -106 267 -126 -57 -206 -163 188 197 52 164 -96 -11 259 -199 -277 -108 -22
154 -262 -225 -109 261 -162 78 -171 -257 -260 -59 -245 -87 -9 -69 -254 -294 -105 232 -224 -28 -291 -107 -4 -296 -270 -86 -266 -147 -8 -166 -123 -33 -179 -52 -116 -70 -259 -10 205 18 160 -297 -196 -47 -252 -25 269 -219 14 19 -258 242 -204 -62 103 -190 -115 -241 -60 -268 187
89 -44 272 -22 -49 217 -30 -219 -162 -146 -96 256 -14 -172 -280 -79 -283 -129 -264 -250 -9 -203 -248 -155 134 -293 77 -85 -259 -270 -109 -82 -122 -40 -173 -167 -185 -8 193 258 -66 -169 -268 -211 -225 200 -267 -295 -6 251 -41 105 -52 -204 -32 -273 -51 198 -223 -281 -103
49 -80 -296 -281 -57 161 177 46 -83 -9 -120 -21 136 -234 -88 -66 -52 -7 -263 -232 -112 123 -216 -221 -63 -277 -166 -300 -103 194 67 -289 -44 -92 78 -1 131 -202 -275 -31 288 160 -269 253 -257 2 -284 -184 -293 -165 51 -6 230 -250 114 -121 65 -41 -182
118 -293 -280 -52 231 -85 -176 -102 -68 -288 -163 -23 291 -121 -133 268 -31 -116 -282 -206 -172 -194 -229 -27 -234 -154 175 -208 -271 -169 -243 -91 -157 -239 -132 -38 -159 -4 -178 -47 -109 201 -84 -144 -255 -90 -230 -207 -33 -197 211 -78 -177 -247 -3
181 -268 -70 -60 -85 -266 -155 122 -112 190 109 -163 154 -222 110 -251 -284 -138 -43 -53 -233 3 -142 -105 -238 -187 82 -50 -41 264 100 -146 124 -104 299 -199 -182 -115 -282 -39 -223 72 207 -274 -74 -23 94 -116 -169 86 -221 -180 -206 -84 -150 -2 -297
65 -295 -132 -133 -112 -125 -244 -190 -203 -135 -191 166 123 -93 -238 200 -7 -20 -236 -225 -107 45 37 -193 -147 79 -43 -265 -38 -226 -84 256 -172 -279 -216 -198 -182 -73 -63 39 -124 -248 -69 151 272 -52 -82 -245 -296 41 177 -222 -184 118 -288 -101 -15
73 293 -193 -242 -39 -256 -209 -225 -276 113 -25 -197 -192 -216 -261 203 -270 -166 125 15 -267 -126 201 66 -257 -32 -74 -264 -82 -75 -132 12 -262 -93 22 -284 183 198 296 -62 -215 -227 -163 -99 -272 -150 -43 -217 251 120 -17 143
261 -255 -127 12 -135 -120 -41 -268 181 -4 -11 213 -251 -27 49 188 147 -108 -198 -93 -182 -286 63 -134 217 -73 -30 -295 -117 51 -280 8 -42 -257 -3 275 -131 -48 -101 -139 -218 40 -83 -197 -170 -259 -267 -5 -233 -38 -224 88 78 -247 -282 -26 -253 -60 -287 -208 130 -24 72 -260 281 210 -68 -137 -34 -125 -239 -187 140
227 -49 -189 -5 -226 151 -242 -11 -210 -147 -21 -195 -203 -112 -32 -260 295 -110 -291 -25 -121 -7 215 -288 -164 244 -117 -1 191 -64 136 -62 -48 -185 -98 51 -103 -38 184 -79 -77 -269 -159 -176 -143 81 -160 -69 -290 -60 123 -282 -37 -106 84 -108 -116 -8 196 -225 -40 35 201 -182 -252 -129 -254
58 -202 -135 -107 -119 -235 -38 -24 -217 -98 -252 -265 -298 -276 -293 144 -278 207 17 -241 -203 -229 82 -147 -248 -243 -211 102 -8 -80 -259 130 -148 -237 145 216 -299 256 196 -106 -42 -275 -39 -133 77 257 -156 -288 -159 -231 173 -161 -238 174 -105 -31 -205 -158 -199 -75 67 -277
55 -209 -65 -107 163 -88 24 -174 -157 -148 40 -104 -233 -111 116 -283 30 -206 -160 -119 -180 -269 -46 149 257 178 -259 -21 -113 112 278 -64 -195 -192 -251 -250 -47 152 -120 -140 -207 -78 -276 -143 -203 236 -231 -48 -141 -215 -121 -105 -200 -142 -33 -282 -151 -134 223 -127 -153 -214 -210 133 -154 -74 -114 5
14 7 -140 162 -101 -218 -78 3 -230 -87 -285 -153 -178 -60 -50 -45 -112 36 -249 -127 -234 142 133 -152 -71 -173 -188 -288 -239 295 -157 -117 -155 -73 202 -137 -283 -89 132 143 -85 -229 -296
246 -296 -174 270 -60 -56 -178 -190 -150 -219 -163 -66 -41 -242 -285 -213 -240 -249 -291 -187 -96 -86 -108 143 -205 -16 -36 -199 -248 -99 -209 -186 -50 81 -82 104 245 -239 -76 -170 -203 -234 -80 -142 -126 275 -84 -129 -250 128 116 211 -237 -59 -165 202 -192 -180 -236 -194 -25
37 -103 -262 -295 -204 -87 -276 96 -214 -86 229 240 -162 195 148 -27 -33 -23 131 -149 -100 -117 -245 -89 -153 -95 36 -227 -25 -50 -288 167 -166 -53 -123 -265 -173 -101 -66 -44 -206 -64 98 -217 -9 -139 268 -77 -102 67 -277 -281 267
100 253 -88 -152 -17 -169 159 -63 -281 -48 -14 -252 -241 -20 -22 260 -76 284 -98 -31 -279 -151 -204 -127 -158 -171 102 -13 -286 -113 -134 -184 165 -251 -106 -181 156 56 -178 -125 -258 27 -162 -47 -188 -108 -189 -129 -7 55 -150 116 175 -298 -25 -32 -26 271 -195 -74
117 -292 -128 -221 270 161 -126 -269 -188 -26 -31 17 -201 -75 -194 -45 -209 -143 -264 -186 -100 -246 -92 -54 -1 -40 37 181 -198 -237 35 -162 -66 -49 -282 -223 -106 -299 -73 -88 -157 -104 -239 -222 -61 -149 -276 135 -228 -42 -177 153 -146 -27 -288 -196 -109 -261 -58 -12
121 -112 -45 -105 -9 -95 -167 -297 -253 -255 -152 -138 70 197 -189 -123 -133 -204 -110 284 192 -230 -8 -203 30 -35 -285 144 -73 -84 -294 -202 -228 -168 -239 -252 -218 -40 154 -188 -86 -211 23 -206 130 -170 190 -214 -210 -11 -101 -174 -17 -158 -114 -193 -277 -120 61 -77 -143 -62 -175 234 -171
99 -46 -61 -65 -104 -95 -130 -264 112 -269 -166 -185 -276 282 -60 -66 -110 -91 -47 88 -62 -126 -67 -171 -111 -9 -57 128 -127 -201 -13 -114 -248 296 -295 -207 -277 -263 -213 -167 -232 -87 -169 203 -71 -133 -292 -34 150 177 -100 142 220 -183 172 -151 -293 -70 -156 -115 -209 3 -247 -158 -208 -258 -265 79 -192
160 -16 -260 -293 -297 11 153 -29 -269 -123 -194 -9 56 -136 -104 -20 208 -218 -113 -238 176 157 -138 203 235 -237 189 -275 -182 49 197 -122 -211 274 -30 -87 -258 -120 -156 -91 -101 -96 -40 -207 -169 -112 -280 -74 -23 -216 -234 -108 -268 273 -2 -118 -70 -192 -111
144 5 -279 -187 300 -254 -75 -80 155 -267 -293 -163 -153 -242 -178 -294 -289 -195 -212 146 165 -288 -60 184 -284 236 214 -154 229 96 -156 32 76 -290 99 -224 270 27 -108 -220 -58 -40 238 -141 -234 -74 -192 235 160 -179 -147 102 -19 -121 -271 272 -297 -136 -28 -132 -241 282 -283 -171
3 -135 -163 300 -284 -1 -31 -268 -171 213 -220 -2 -62 144 146 -178 83 -219 -190 -189 -65 -23 -8 149 -43 -160 -19 -6 132 -110 -34 -16 -176 -117 261 -243 -241 -221 81 -4 -216 -170 49 -142 -287 181 -46 -45 -33 -218 -145 175 106 274 -298 -14 -201 154 101
47 -221 -208 291 -276 -165 -237 -282 -186 -258 158 216 111 -228 -127 142 148 -264 -94 -248 -171 -52 -23 -203 -195 -107 -86 -187 49 -85 51 -280 242 179 -132 -137 -181 204 -43 -238 -115 -77 -68 124 -288 -48 -104 -278 -82 39 -170 272 162 -243 -279 -106 -178 -31 -197 -194 -262 -263 99 -269 -74
265 -174 -192 -135 -208 -252 -255 -254 -194 -263 -251 -15 -239 -39 -168 2 -219 -225 -279 -6 182 286 -185 111 71 -31 -203 -290 -16 -221 -155 -7 -233 -70 -227 -1 -147 -140 -32 -109 40 -67 -75 -55 -94 -3 -121 -102 117 -156 -60 -191 -262 -186 -27 -237 -215 -224 -246 -209 -211 69 -207 -220 -184
124 -122 -267 -280 -162 -126 -224 -160 -196 -98 -195 -100 -86 -183 -60 -193 -289 -144 -174 -76 -36 -192 -213 -276 -82 -281 156 -245 -173 197 -293 -154 -264 -275 -249 -71 -72 188 -239 -115 -33 -244 -274 -113 -92 228 -203 -200 -222 20 -217 263 -153 -241 -120 -191 -259 -83 59 -44 -292 -168 -77
248 -184 -219 -173 -94 -299 209 -115 -201 -159 -102 119 31 -241 -78 -237 190 -192 -231 -147 -189 216 -98 -169 -289 -211 -259 -260 -179 -103 -155 -280 -120 -267 -129 -2 -52 105 -45 -23 -174 -82 -90 -112 -5 -88 218 -167 -207 -62 -196 -70 -294 -12 -181 -261 -199 161 265 -86 272 -198 -228
29 -296 -124 -53 -86 -82 -172 -190 -133 -156 -180 -169 35 -299 -245 -128 146 -179 41 -126 -283 -84 109 147 267 181 -183 -2 -247 -208 -56 -244 -228 65 -222 289 -25 171 -254 -221 -129 -215 -292 -155 -33 -83 -1 -110 -141 -23 -209 -11 -203 -265 -176 -115 -182
