81 66 19 69 27 95 29 70 84 12 39 67 15 41 30 85 63 5 21
100 67 72 17 27 81 50 89 97 6 85 64 9 76 26 62 22 8 94 91 66 49
67 54 87 96 6 34 18 20 45 78 90 14 76 66 77 51
47 41 37 81 9 59 7 76 27 19 62 40 15 5 36 79 10 97 39 50 29 21 100
55 93 64 20 8 43 77 32 67 17 10 41 2 52 63 76 33 9 27
26 46 54 48 89 19 96 3 18 82 49 45 30 34 51 57 5 35 63 55 23 4
69 96 66 29 10 94 7 43 25 55 40 33 59 4 72 100
77 8 13 64 73 40 81 76 17 75 30 9 62 28
13 50 43 23 59 58 29 49 93 31 100 4 64 92 67 53 69 11 87 6 70 17 82
17 15 64 75 80 24 5 2 86 66 25 78 29 3 79 44 51 92 99 50 12 33
16 76 90 62 72 39 40 78 84 86 92 75 20 100 13 26 64 71 11 25 9 94 61 87 96 33
62 55 49 35 27 9 11 79 72 89 12 88 3 33 7 25 74 22 17 29
10 66 100 63 56 39 58 60 85 89 31 83 55 23 68 49 80 79 50 74 6 75 8
16 47 87 30 51 28 11 21 94 25 55 92 84 72 7 66 93 95 12 45 78 41
22 29 61 58 94 30 34 42 1 12
24 17 63 55 38 33 86 59 10 67 60 45 21 80 83
13 11 57 19 44 96 53 46 61 35 42 37 24 29 41 25 69 86
1 41 26 53 100 93 69 23 77 98 27 71 19 63 13 28 91 86 97
76 82 96 36 81 33 39 72 85 99 77 64 34 74 92 51 9 44 47 56
10 54 8 99 43 30 62 40 3 2 22 21 80 1 64
33 100 65 51 44 73 19 63 47 79 55 91 10 66 11 71 98 86 49 6 14 95 20 3 29
38 32 94 64 69 7 97 77 98 42 14 66 19 92 71 65 91 50
7 98 68 28 9 17 36 83 1 26 70
73 21 54 34 69 76 19 60 86 2 100 25 53 36 24 16 47 63 41
98 20 5 25 68 94 50 54 10 37 84 83 19 12 21 73 46 40 42
63 64 46 66 15 39 96 69 40 73 61 56 34 45
33 49 100 69 79 7 85 47 27 15 29 48 82 99 56 42 31 54
79 41 25 47 44 85 11 12 5 56 71 66 58 95 93 52 81 67 9 100 8 74 33 80 78 82 49
93 52 84 56 38 17 76 27 48 90 57 53 39 81 23 79 14 66 80
11 3 51 41 31 86 20 66 85 79 88 15 19 96 100 40 99
17 34 97 14 71 45 100 57 11 75 58 28 55 53 12 98 82 4 40 46 16 47
58 43 47 80 31 56 38 20 99 74 15 76 46 30 53
34 7 36 77 67 20 75 6 73 16 5 44 64 80 25 85 4 61 97 9 65 15 37 8
75 38 48 63 16 69 14 85 9 10 54 15 46 27 36 55 28 40
5 25 6 80 81 7 72 22 17 91 27 8 63 44 15 57 18 100 68 82 99 96
2 3 23 97 41 74 46 88 61 13 22 52 76 14
6 51 27 77 5 48 71 67 40 69 85 73 80 30 3 78 75 95
2 16 13 18 68 78 84 23 75 47 19 55 26 79 22 20 66 89 5 65 38 57 12 90 27 42 9 29 3 69
6 18 85 44 67 48 92 81 21 59 34 63 46 42 56 69 98
59 57 100 67 90 78 34 32 6 35 86 33 15 47 25 17 77 14 29 8 31 10 18 2
76 46 56 38 43 98 60 2 34 48 97 54 63 80 74 22 24 95 30 64 91 13 84
41 85 47 60 4 56 54 34 46 57 1 61 16 98 7
69 17 48 23 99 24 44 54 94 51 70 68 30 95 64 25 20 79
19 97 78 4 71 75 88 81 79 51 6 46 63 70 10 91 62 27 21
47 99 80 69 15 45 60 90 62 34 41 76 79 74 28 35 66
100 44 58 88 43 3 85 82 4 83 1 69 6 80 21 8 9 57 79 26 5
27 24 48 47 86 12 17 87 82 74 99 91 21 30 11 4 20 53 8 95 92 3 52 51 41 7 61
25 82 5 68 58 23 93 21 84 62 52 50 38 11 47 13 61 90 78 57
55 8 15 73 56 81 12 97 24 36 53 35 3 26 50 34 46 49 74 59 94
60 25 11 99 52 22 33 89 72 56 69 23 39 15 43 61 41 74 10 88 100 34
51 87 40 100 37 11 86 12 68 79 23 71 97
51 38 15 50 56 31 60 17 33 12 95 52 62 42 40 91
98 92 99 35 77 68 79 85 15 93 56 32 23 21 2 19 45 10 36
39 47 32 19 13 61 50 15 38 66 51 98 96 11 80 91
39 54 55 52 68 16 82 88 8 7 94 2 77 98 58 51 38 11 56 17 80 33 57 60 100 20 97
98 77 17 52 21 82 42 79 24 80 60 33 74 90 87 41 70 72 47 59
21 14 45 76 9 2 99 53 18 43 87 16 72 98 84 41 29 49 77 5 39 83
88 18 39 5 80 28 71 43 11 46 49 27 61 38 63 41 20
83 59 38 73 12 46 37 87 50 82 28 25 65 93 44 15
82 11 2 80 31 36 15 70 74 92 28 84 87 63 81 20 77 78 5 91
87 50 20 70 16 86 45 27 58 73 44 62 60 80 74 53 56
30 77 74 40 1 58 90 47 14 12 18 56 75 45 63 38 25 80
71 24 3 19 89 23 68 42 48 45 31 33 90 43 32 100 20 74 15 44 21 84 97 51 79 14 41
32 93 19 69 21 80 53 14 68 92 56 17 59 89 73 8 26 97 47
94 42 68 47 49 31 12 62 52 22 85 41 28 55 90 4 100 5 37 76 33 78 30
64 49 9 26 4 60 81 55 12 22 85 37 1 13 43 54 69 82 14 88 51
2 56 33 23 81 13 42 94 78 84 86 22 93 63
7 10 93 85 55 39 66 70 54 84 4 51 15 31 77 6
33 34 63 26 38 67 16 83 19 1 75 93 98 3 41
29 30 76 70 18 7 3 51 37 85 81 46 9 22 82 75 68 1 15 42
66 62 31 48 73 40 30 90 98 29 67 11 17 10 79 92 99 16 39 5 76 18 12 20 13
8 55 80 56 28 79 3 2 34 53 13 51 42 58 84 20 52 66 38 87 94
96 4 89 36 100 84 85 81 6 39 43 61 66 2 58 56 72 16 69 46 82
74 28 61 73 89 27 49 23 47 35 90 17 30 59 6 85 44 66
59 53 24 80 46 10 49 22 40 34 33 58 28 73 86 65 75
1 13 23 3 32 79 92 17 35 6 56 11 87 68 19 61 25 67
73 28 72 81 50 14 32 87 86 20 92 71 56 57 96 83 12 85 58 41
40 10 28 25 98 57 81 7 88 55 83 91 71 23 24 82 19
89 77 37 52 10 78 38 85 88 32 40 91 34 3 29 93 26 43 95 97 62 55 58 4
67 4 38 7 66 57 6 58 45 23 62 29 89 35 94 28 10 61 9 3 74 85 34 47 84 80
31 84 42 63 70 65 35 18 61 19 33 12 92 80 99 50 51 8 89 34 96 32
12 85 86 36 74 47 34 63 8 96 91 22 46 25 80 73 100 7 77 32 35
63 66 21 70 38 5 15 33 34 60 78 89 51 91 41 29 72 87
87 91 86 78 84 65 63 66 13 26 88 45 3 54 23 6 56 36
100 74 9 8 63 46 24 20 45 13 28 47 97 34 48 57 94 19 66
35 92 10 30 43 75 29 44 97 68 5 87 50 78 90 48 64
99 64 62 86 1 57 87 74 23 75 80 60 20
89 70 9 68 48 21 4 60 3 2 12 33 35 32 76 71 72 83 93 63
11 48 61 30 91 15 22 39 76 17 79 73 42 63
39 8 18 59 60 76 32 50 95 49 36 11 30 57 12 10 46 23 68 1 56 71 29 62 86 51 25
87 41 36 81 5 76 24 94 52 9 95 17 19 43 54 44 10 89 92 29 15
39 60 18 32 96 15 48 30 45 46 54 29 31 71 38 37
43 90 80 39 48 89 10 91 98 77 79 51 27 3 24 14 23 44 50 99 2 4 67 28
93 81 59 96 55 79 37 51 97 86 49 46 53 91 98 57 84 5 26 15 22 35
54 65 100 2 95 31 58 64 28 56 45 6 78
100 76 38 23 14 90 4 45 13 55 48 49 67
68 12 45 5 1 96 37 41 47 98 91 61 35 60 11 58 13 18
15 80 90 32 88 70 81 82 96 18 27 67 84 37 14 93 23 49 55
36 44 25 59 71 53 51 22 91 87 86 28 14 97 38 67 24 2 82 85 27 30
20 8 90 48 80 82 55 71 38 3 89 41 6 10 18 70 77 37 63 33 78 50 86 2 13
