70 46 76 97 66 69 90 62 87 20 42 23 18 15
53 38 40 55 73 72 41 93 99 88 100 24 36 67 5 60 10 95 57 20
72 93 47 76 63 36 49 69 12 46 79 84 38 10 100 70 80 21 20 88 6 37 30
65 44 66 68 79 47 93 80 46 33 31 6 42 73 88 7 96 9
48 86 37 4 46 97 91 71 94 25 35 57 58 33 6 38 65 1 60 28 83 10
40 46 39 9 3 95 76 73 2 100 35 80 84 33 13 74 37 44 68 21
47 68 22 33 4 70 27 78 80 7 12 35 82 55 14 42 23
90 20 100 85 40 72 2 33 5 35 82 13 46 47 28 49 64 55 8 81
38 8 70 28 12 5 80 11 19 91 66 4 33 34 46 23 88 57 2 85
80 75 34 44 91 90 78 100 53 93 20 25 79 86 16 4 13 5 7 50 68 21 71 40
60 50 14 28 51 89 76 97 21 90 47 11 30 71 58 48 31 54 17 12 55 9
90 10 59 25 82 97 14 49 38 62 15 52 28 66 12 1 51 77 65 81 88 71 47 31
84 38 71 76 41 54 72 9 67 48 85 36 66 100 11 97 18 17 8 96
99 40 22 21 96 77 66 29 63 31 64 93 34 36 98 57 3 62
40 92 34 30 52 32 53 68 35 98 54 60 94 26 50 59 4 45 63 27 1 89 70 91 49 33 10 83
11 71 73 33 69 24 61 57 14 34 42 31 55 38
9 56 10 29 47 76 74 5 40 2 43 52 91 8 23 89 35 71 12 64 55 31 16
81 38 62 39 57 58 71 98 70 40 35 90 3 6 97 92 100
4 53 21 17 25 78 54 18 1 38 63 64 6 22 44 85 30 24 91 69 81 76
77 38 21 87 33 72 71 47 25 63 32 5 61 58 30 11 100 43 3 85 55 60
39 56 46 47 16 1 20 14 53 88 63 44 4 48 64 25 83 57 24
75 99 15 20 66 65 2 35 94 82 36 50 89 67 70 12 38 41
67 84 80 63 50 43 29 13 76 18 74 93 36 6 90 9 98 78 53 51 48 87 38 96
63 75 56 41 91 16 49 17 24 10 43 85 78 93 99 47
50 10 17 24 90 28 11 25 33 99 12 78 59 40 35 14 43 82 62 48 76 7
2 23 66 6 18 64 49 94 46 84 79 69 38 11
37 93 34 2 58 74 98 35 44 27 1 4 38 5 47 29 99 12 18 61
34 80 14 23 99 93 65 77 59 45 75 95 60 58 74 18 8 78 72 31 85
86 21 40 7 79 38 15 9 17 91 71 70 92 27 1 83 4 10 57 90 80 12
89 90 74 92 41 6 86 43 37 65 15 32 8 70 1 71 99 62 20 47 14
32 52 68 65 92 40 63 13 60 27 30 71 81 9 95
79 53 82 22 77 5 64 54 81 63 92 76 98 40 90 88
21 75 12 50 81 100 56 27 16 83 19 65 11 67 28 63 69 5 55 52 88 10 7 40
6 50 42 15 19 80 82 69 26 75 31 81 45 39 79 72 40 85 41 24 49 33 83 3
76 94 40 82 12 45 88 17 53 97 86 49 81 80 6 74
49 90 24 19 4 33 91 73 82 60 84 99 34 53 23
98 97 70 94 79 65 100 17 4 51 59 92 33 66 25
83 99 58 80 22 100 32 79 41 96 52 48 29 92 55 59 34 72 38 54 16 62 69
89 13 50 1 55 58 19 26 11 71 4 92 93 29 57 54 73 68 90
51 7 11 37 8 78 30 75 71 34 62 25 26 4 52 20 79 31
45 5 28 83 69 57 65 36 4 56 50 1 42 24 97 47 77 14 18 17 30 58 63 91 100
22 17 39 25 89 27 15 72 65 63 70 81 52 56 67 38
93 91 79 73 46 66 57 9 32 7 5 20 86 41 63 58 50
33 19 28 93 91 43 63 74 46 39 17 99 61 21 86 35 59 10
14 16 84 61 92 95 97 6 57 62 31 85 80 53 45 96 3 26 63
25 41 32 39 6 36 75 73 58 85 17 31 90 59 82 94 92 44 34 26 42 49 70
21 74 31 82 47 19 4 48 32 97 65 45 42 24 85 80 14 54 38 64 56 40 62 27 28
71 63 96 88 92 41 34 39 29 93 6 47 43 89 37 100 27 85 86
12 74 6 90 58 66 2 27 75 28 94 96 98 65 9 49 57 21 13
2 93 25 48 90 52 9 100 77 22 49 13 10 4 54 61 59 86 81
54 68 66 81 14 19 37 93 52 90 70 94 47 55 21 99 44 51 3 10 6 30 72 83 63 43
36 65 47 91 5 79 56 48 55 29 52 72 28 50
57 94 9 49 99 29 61 64 75 47 18 32 31 17 72 24
6 34 3 42 25 55 24 68 27 84 92 91 41 66 20 95 43
6 79 7 68 100 38 14 34 72 98 13 49 16 96 94 65 21 55 78 5 31 12 66
61 62 41 84 52 67 28 72 73 32 53 26 95 42 90 39 50 27 29 19 49 55 64 13 76 77
6 40 94 90 87 38 17 35 55 42 80 31 77 48 46 29 85 78
95 28 9 80 75 77 73 32 48 72 79 46 31 15 97 13 62 61 55
4 99 75 74 56 90 9 7 49 94 59 40 16 39 64
61 92 41 24 52 66 88 83 56 42 45 97 13 55 87 90 16 50
50 54 81 47 11 73 97 74 17 33 26 89 76 58 42 15 36 80 48
12 79 65 45 2 87 52 11 61 48 44 8 4 80 90 20 71
85 84 1 89 21 82 58 39 100 34 41 88 60 67 18 24 62 44 6 83 16 81 35 69 13 5 26
43 5 2 95 33 19 20 87 8 11 66 10 86 9 41 22 26
95 75 81 21 38 84 59 22 33
28 38 2 14 73 1 54 13 3 72 45 80 21 30 84 26 22 71 10 83 7 74 68 85 29
98 37 69 71 40 3 9 2 1 76 28 39 33 80 96 5 93 99 16
64 48 90 86 25 53 43 65 88 51 35 63 55 13 23 97 70 76 38
34 27 24 66 26 39 43 64 18 38 37 1 45 46 73 9 22 7 50 17
70 44 1 81 98 83 9 23 60 100 61 68 56 88 43
63 51 58 88 22 92 77 78 21 37 28 100 44 18 11 31 99 90
12 83 7 50 73 56 2 14 77 57 19 11 88 35
37 26 59 24 61 77 89 75 74 64 82 25 49 33 21 8 71
13 80 36 45 74 87 62 19 63 32 56 82 50 49 47 28 85 41 61 12 60
37 70 11 8 87 44 69 86 62 38 13 31 34 10 75 33
70 91 5 45 71 89 19 65 57 11 88 32 96 29 3 24 8 41 4 2 90 36
8 68 33 53 40 93 5 56 57 3 100 79 55 37 19 22 82 60 18 62
38 95 83 79 84 14 37 44 28 40 11 86 65 60 48 10 67 100 3
72 71 12 45 63 94 38 53 21 93 76 56 29 27 44 89 51 46 28 30 43 13 10 4
20 41 46 100 87 75 33 55 54 80 13 72 28 10 32 62 61 16 81 58 45 37 56 35 98 29 60 93 82 64
39 91 29 98 70 77 35 73 8 4 49 2 78 94 1 66 28 19 44 67 60
66 100 59 48 27 19 78 6 99 60 98 56 35 70 28 47 55 31 9 46 73
88 23 13 69 25 59 78 46 77 57 16
48 98 84 72 29 38 57 67 1 63 80 60 68 14 11 81 73 25 94 41
2 33 77 66 68 27 42 13 73 53 30 79 46 74 1 28 37 82 65 34 39 70 80 19 99
90 40 21 18 47 84 94 100 61 16 17 24 51 67 75 77 10 87 82 30 11 99
84 57 59 61 51 91 3 47 87 99 72 56 14 76 77 9 60 11 86 83
78 50 12 30 36 58 66 98 44 46 79 55 84
50 64 63 79 93 88 91 2 73 38 12 13 83 6 100 80 81 74
3 48 93 40 56 74 62 38 100 71 45 96 86 63 29 98 11 65
47 93 99 97 41 84 2 89 83 54 35 44 94 22 18 21 52 78 82 79 60
64 11 9 86 76 10 39 47 81 53 19 60 14 91 22 71 77
53 79 18 88 59 5 9 28 14 68 67 69 48 98 64 94 29
65 80 67 11 85 22 55 49 2 91 14 25 15 43 72 7
90 52 37 91 79 95 1 41 21 47 43 14 28
26 3 82 30 94 97 6 98 17 19 35 7 77 92 54 11 81 73
36 2 44 85 64 63 33 49 99 51 31 55 79 41 18 4 22 94 86
31 25 56 18 94 22 71 21 53 39 69 57 97 93 42 41 78 55 23 54
19 71 10 93 87 47 32 30 50 53 43 20 57 81 27 35 45
18 4 40 7 73 24 95 31 35 11 55 9 21 96 63 46 50 13 28 30 51 85 2 65 82 27
