196 -311 -418 -415 -425 -324 -480 46 -272 -313 302 -21 43 -359 -219 -390 -180 -291 -135 -133 -79 -145 -112 -253 -70 405 -475 -50 -82 -62 -373 -216 287 -344 -26
237 -138 363 330 173 -23 -139 63 -7 -357 -165 -339 417 -15 -274 -17 -133 335 -94 37 376 249 -24 -324 -185
441 -98 -451 -325 -459 -443 -447 -394 -373 -406 -103 -294 -87 -222 -148 -286 -295 -465 248 -365 -417 -403 -73 -67 -105 -337 280 -69 -61 23 -275 122
77 -438 -31 -226 182 -297 -441 -124 -352 -490 181 -365 -54 -486 -366 -303 -134 -39
168 -442 -108 -465 -164 -390 -43 308 -302 409 -359 -203 -66 -190 -154 -62 -444 -291 -133 -485 -340 -174
176 -292 -495 -251 -341 -316 -324 -64 -227 -267 -325 -160 9 -366 -260 93 -431 -123 -448 -209 -45 -450 113 -414 -378 -500
373 334 -368 -450 -200 37 -306 -92 -278 -292 -403 -316 -151 -135 -489 155 9 -219 494 -202 -19
498 -196 -50 38 -39 -446 -140 -449 -480 -494 -388 321 -383 -137 -15 -295 -199 -364 -455 -431 -224
157 -410 -91 -314 -302 -424 -240 -330 -45 -175 -108 -239 -250 -200 -380 -136
131 -404 -470 -445 -168 -438 264 385 -121 -348 -467 -249 -411 -403 -23 -118 -322 -198 -258 -266 -367 -335 -469 -42
149 268 -280 -249 -75 -398 87 -287 -13 -327 -227 118 -53 -419 -22 241 -299 43 -442 -409 -395 -469 189 -430 -231 -217
139 -297 402 -254 -212 -247 -148 -105 -419 -122 -150 346 -333 -156 -236 -453 -448 340 -257 -460 207 -316 -420 228 -90 -77
260 -393 -136 500 12 -412 -68 409 -380 482 -419 -371 -276 -45 -285 492 -74 -366 -143 244 -243 -352 -396 -237 -435
100 -401 -310 -363 -445 -283 -338 -377 82 -127 -290 -17 -185 -411 -471 -454 -178 -255 -384 -128 -334 227 -240 -109 -137 -175 -184 -500 -407 -31 -372
42 -215 -413 -427 -220 -352 -348 -8 -484 -319 -4 -49 251 -338 -77 293 83 -265 132 -480 -456 -444 -94
44 -339 -404 -9 -312 -190 157 -446 -52 -298 -195 -196 -37 -231 308 -45 79 -277 -411 -468 -361 -338 197 -109 -152 -15 -486
474 -122 -102 -477 -206 -371 -120 -175 -445 -243 -251 -37 -95 -117 -21 -218 -224 311 -253 40 -204 -182 -360
173 -174 -95 128 -218 -39 475 -189 -418 -241 48 -231 -373 -436 -365 -144 -306 -408 -284 -470 -427 -417 -245 -139 -222 -335 -456 -435 -213 -264 -67 -134 -250 -59
212 231 -205 -305 -252 235 -104 -178 -27 -8 -269 -251 9 -84 -372 303 -497 -112 -128 -232 -476 -386 -198 -271 -308
179 -254 -348 487 -408 94 187 463 -372 -113 -105 -367 -24 -303 -216 -181 -378 -401 -99 -42 -193 376 -197 313 -402
483 -6 223 113 -80 -445 -395 247 412 -188 -95 -219 -479 -397 -25 -413 -452 -470 169 -124 -461 455 -360 -33 -426 293
349 -76 251 192 -215 427 -162 -108 -194 -95 -317 195 -314 203 -498 -47 -303 -496 -137 -252 236 -441 -72 -102 438 -256 -209 -26
171 -207 -484 -324 -444 -225 -60 67 -159 390 -152 -367 410 -203 432 -23 -258 -307 -491 492 327 112 -274 465 -370 -150 -54
94 -354 -140 -83 -57 -427 -167 -245 -433 -353 378 -41 -381 -40 320 422 -263 -384 -236 -210 -190 -390
285 -243 -493 -255 -27 -121 -145 -497 -470 -77 269 -11 -452 -30 -257 -167 -337 -174 -245 296
104 -20 -375 -189 -2 -62 -418 -351 -291 5 -331 -411 -428 -458 436 462 -181 -297 -443
381 -118 -54 -232 -32 85 -393 -412 -163 -407 -157 -201 -312 -252 -372 420 -468 -489 -9 -8 482 -119 -28 -113 -200 -263 -305 -11 -310 -445 -497 94 -275 -49
450 -177 155 -321 -293 381 110 -439 -252 -423 -419 -269 358 -18 -39 -468 7 -100 -1 -447 -92 359 299 -363 -476
168 490 -59 16 324 268 -24 -239 382 -35 86 420 -452 -65 -206 -60 -53 70 -260 -476 -451
449 41 -34 -93 -17 -460 -299 -88 -155 -241 -264 -11 -234 -119 -191 57 151 -187 -452 -43 32 -196 -4 37 -26 422
162 -490 336 -43 246 -413 -458 -500 -65 -343 -8 -365 496 -1 -269 -94 -348 -53 85 -488 -156 -417 401 132 -44
427 451 -157 -139 19 -476 -289 -144 496 -266 -286 -61 -262 316 -365 -102 -411 -392 400 -469
330 -57 96 -475 -238 -133 -106 104 -53 242 -469 -176 -121 -470 172 284 -454 -290 -282 -49 -205 -415 -101 -122 -201 -484 -383 -42 -472 -298 -94 -352 -288
351 440 -194 -39 -350 -211 -333 -475 295 -419 -67 365 -138 271 -297 -61 -204 -326 -213 34 7 -182 -122 -95 -309 -177 -257 -178 108
356 -369 -419 332 479 -206 -183 -94 -42 -288 496 -125 -113 -237 -69 -399 130 131 -418 -449 -374
212 -243 -163 -54 -295 -122 -410 -147 -253 -133 -80 -446 -477 -53 -465 -31 -459 -43 -186 335 -69 -367 -449 -317 -306 -318 -10 -12 51 -27 -388
121 -160 226 -421 -304 -11 -5 440 -406 491 -429 -152 362 450 -474 451 -66 -346 -141 -239 -428 -126 -413 -329 -243 110
304 181 -137 -44 -318 -130 -128 -88 -343 -40 -346 -214 -392 -196 -116 -317 -454 -457 -74 -269 -247 -342 -408
310 -137 -406 -17 -24 -77 -152 -9 -157 -159 -106 -397 -489 -239 -120 -225
356 -377 -136 -265 -70 -235 -255 -66 -229 -309 -346 -225 -143 -315 -284 -179 200 -234 -394 -7 -183 -434 312 -457 -414
285 -474 -58 -198 -25 -137 -459 -294 -74 -203 -121 -82 -141 -146 -330 -22 -165 -202 -152 -424 -494 341 -42 414
231 -175 246 -102 442 -450 -400 -22 -424 -210 -491 365 -372 -28 489 -157 455 -465 -253 -331 382 -355 -346 -59
466 -37 -212 229 -213 -383 -167 -194 296 -84 -283 -365 -243 368 -210 -330
195 -362 -4 -30 -224 -378 -222 -88 135 -272 -314 -478 -409 -421 241 339 124 -63 -383 -290 -312
371 -152 -121 -358 -493 274 84 297 135 446 -276 488 -166 -405 260 -156 -13 -281 -227 -137 -386 -153 -172 -341 -219 -26 -269 246 -416 1 -226
20 -279 357 -140 -491 -166 -215 -462 -415 -438 -404 -19 461 -396 449 -61 -26 -314 -11 -378 -373 -259 -475 -47 -251 -195 436
314 -471 -146 -229 -124 -294 309 -236 -28 -472 369 -299 -441 -385 -273 -168 -176 16 -279 -495 -173 -121 -390 -77 -304 208 324 -222 -10 -465 -169
225 -331 -194 -439 12 -380 -406 -451 -86 -29 -82 -206 365 76 -409 251 429 495 -457 -80 369 -92 -282 -216
206 -332 -13 -80 -128 -383 -119 -262 -495 -421 -95 -268 -485 -91 -407 -362 -313 -408 -114 252 -73 -316
75 -153 -478 -294 -381 -494 -473 -225 -417 -265 209 48 -82 -106 100 -366 -102 -67 -62 119 -63 135 -24 -19 -198 11 -333
167 -442 -211 -95 -268 -434 -199 229 31 101 -301 -400 -216 -266 56 -143 -293 496 -204 -20 418 -175 -226 -118 -108 197 -172 -470 -465
134 -200 -83 -197 199 269 -384 -97 -33 -125 -330 -425 -184 -280 -379 -306 -500 -177 -100 -355 -331 -154 -146 128 -157 -318
283 209 125 -172 -84 277 -79 -171 -147 -247 414 -293 -443 -37 -409 -437 497 -475 153 -178 -199 -273 350 -11 244 -82 309
270 -292 -24 -248 160 -22 -220 304 -59 314 -174 -96 -294 -216 -476 -102 -479 -144 -125 170 -141 -6 213 -448
499 -278 -31 -432 -345 -169 -317 -73 -291 -95 -257 267 -38 200 -223 325 -425 204 -47 388 -275 -185 -316 -99 -196 -283 -269 -116 -101 -51 -393 -327 -343 -2 -63 -172 -398
134 -104 467 276 -145 -11 -358 -405 -34 -247 -471 282 -227 -398 -293 -245 -48 -39 -165 -424 -458
464 -145 -58 -87 141 -291 -175 -339 -465 -491 -81 -261 -77 -408 -93 -210 412 -243 -67 -179 255 -169 -153 -463 -400 -120 283 -59 4 186 -118
67 -49 -368 -477 -112 -205 -290 -351 -6 -480 -430 -474 -400 168 -295 231 -258 -447 -157 -27 34 -391 -323 -39 -74 -431 -338
29 168 344 384 -242 480 499 -87 -379 -9 -206 -194 -13 178 -264 -396 -440 -369 -404 -470 -283 173 -269
399 -233 -140 486 134 -313 -137 -174 -87 -472 -348 -367 -356 -226 294 -300 -75 358 -297
246 -477 -19 -100 63 -99 -49 -47 -289 233 -238 -207 456 -182 122 -181 -110 -132 -427 250 -481
337 -195 -161 -138 -425 -459 -285 -472 -429 -387 -279 -14 -25 -278 -48 -377 -7 -296 -140 -80 385
158 -435 -417 80 -336 -275 -215 -402 -62 -201 356 -461 373 -314 -139 -29 -378 47 -418
153 -334 -116 -72 -29 21 -71 459 435 308 -167 -118 -226 422 468 -233 -310 -247 485 -24 429 -353 -411 -365 -27 273 -267
74 -457 -297 -309 -266 -252 -283 -101 -334 -496 -191 -282 -135 -243 -342 -418 -492 318 -115 23 -198 468 -109 -444 -262
486 303 96 -289 455 -181 -268 -218 -138 -413 -397 -177 -475 -444 -388 -7 262 -374 22 308 -224 -419 452
316 -309 -14 -418 -315 -121 -181 -436 -1 -67 -75 15 336 -438 317 474 -377 -359 -338 -31 -253 -428 -494 432 -299 -388 -374 -177 138 -389 -4 325 279 -289
171 -207 -221 -69 -35 -154 -457 -447 170 -310 -323 -482 -54 -20 -472 -196 -409 -439 -215 -141 -17 -425
36 -283 -299 -297 -499 -62 -208 -490 271 -211 213 -199 -339 253 -494 -1 -468 -169 -298 -325 -290 -392 -309
125 -308 -324 -207 -104 419 -46 88 -186 -292 413 -96 -482 -190 -392 -471 -217 -437 -274 248 -133 169 -388 -31 -135
76 -423 -438 -334 -81 -148 -150 -55 -305 -97 -221 418 403 -223 -43 -121 -54 -175 -449 345 298 -6 15 474 202 -295 346 -331 -432 -385
407 -283 -61 -240 -413 -97 -478 -464 -110 319 224 -113 -49 -87 439 -52 -444 -408 363 -405 183 -148 385 -333 173
315 380 -26 -6 -125 -5 -61 -365 -76 264 -331 -130 -383 490 -468 -135 355 -207 -330
388 -190 -471 -488 -466 -342 -373 -133 -259 -36 -211 -241 2 440 447
483 -391 -237 317 -428 -309 -448 -214 -37 -405 -367 390 -362 -29 -401 -336 -154 -269 260 -357 -81 -47 -417
439 -7 275 -188 -3 -122 29 -251 65 -16 -4 -212 71 -454 449 -158 384 -499 -226 -73 -164 -437 -105 -320 -395 -379 -362
280 -257 -139 -1 247 -409 -200 -291 -263 -470 155 -250 -48 -219 -65 -425 431 -103 -350
40 -215 -211 -70 -42 235 -14 -168 -67 -66 -492 -297 -201 -45 -384 149 -257 -174 -159 -348 265 295
88 -19 -252 -452 356 -451 -484 -461 -299 1 -382 -255 39 44 -459 -323 -489 -120 -54 333 500
421 316 -321 -122 -15 -295 143 -218 -484 -339 -13 -308 -366 -167 -391 -449 254 -137 -325
183 -69 -260 -161 -84 -88 -245 -496 -154 324 -100 490 -238 -40 -93 -38 -203 401 -169 -176 -451 -442
34 -372 319 -338 -25 -392 -494 -496 133 193 -246 -202 -478 216 -390 -113 466 270 328 -244 -107 -345 104
212 83 -82 -162 -217 -459 -320 -90 154 -16 99 399 118 -121 -300 269 -379 -428 -499 -72 -345
12 -427 -352 -189 -194 -74 -414 459 -249 -389 -16 -251 -460 -250 53 -259 -140 -271 -321 -483 25 -92 -52 455 -400 120 -382 -212
27 -239 -188 -450 -346 -160 -132 -413 -32 -65 -204 326 -106 -379 130 -393 -197 116 312 282 -209 283
85 -338 -259 202 -353 -89 170 268 -19 -300 -46 -346 -271 431 235 -134 -238 465 -30 408 -209 -272 450 -165 47 -297
201 -108 -372 211 -249 146 461 160 -311 -213 -257 -144 -217 -205 -346 -483 134 3 -285 -326 -358 207 -166 -255 -70 -367 -67 493 -154 -408 -412 170
216 -42 -170 -496 -356 -159 -262 -227 -478 470 420 394 -324 407 -137 -361 347 230 -296 -485 430 -322 -238 -301 -132 -297
436 -306 -459 -143 -67 253 -281 361 -258 -309 -325 -161 355 -158 -106 -324 -476 -398 -145 -382
33 -462 -235 -453 -29 -400 88 441 -240 -212 -238 -135 -469 -256 -52 -32 355 23 -304 -363 -249 -36 -454 -472 399 -352 -498 186
110 -365 -253 -127 -392 -296 -466 -218 -316 -280 -48 -436 -288 -321 -142 -201 414 -472 -174 -444 -31 -342 -430 74
237 -259 -118 44 -96 -326 -186 -9 -103 -23 -160 -297 -264 -454 -381 -135 411
248 -320 -117 -20 -68 -314 300 -187 329 129 -445 -23 -193 90 -267 73 -66 -224 -324 -343 -202 303 206 -143
288 -267 -428 -371 -84 -22 264 341 -281 -401 -113 468 -96 -344 -342 -212 -438 276 -31 189 -63 61 -191 127
108 291 -400 -213 -469 -284 -107 -265 -180 -322 -202 -9 344 407 175 254 -257 -350 -18 -112 -84 -292 214 -195 -283 -230
30 -24 -468 -40 -409 -94 -418 -43 102 144 -195 -58 -16 -118 -304 -170 -478 187 -173 -366 -130 -408 -193 -378 -260 410 -66 303 -258 -345 -107 -119 -15 149
428 -140 68 -331 -14 234 11 -92 -48 409 -424 -268 -325 483 -103 -295 -47 -42 -94 -187 -300 -339 -326 -259 407 22 -298 -248 -419 344 -492 -500 46
47 -214 400 33 -151 -29 -204 -89 393 -482 -124 483 69 -109 -396 -54 385 -249 -398 -52 -241
27 -342 -76 246 -425 -398 -360 380 -308 365 -336 -236 -357 -436 -112 -74 404 -345 -428 -269 -105 29 -298 -356 -100 -349
108 -154 255 -491 431 -219 -264 367 -423 -128 -454 -49 -179 -273 -209 -136 -359 366 -290 484 -358 -193 258
327 -15 457 -265 386 -54 -70 153 -354 -371 -433 -462 -291 -11 -241 -137 -491 -244 467 -397 -303 -309 -352 -456 -217 -82 -273 -484 -202 -234
109 -270 -243 -289 -78 -249 -203 -315 -258 173 17 -460 -255 454 -419 39 -222 -499 -148 358 -207 51 -139 -329 199 -412 -284 -407
179 -349 -216 -27 -52 -260 -87 -222 152 -234 -116 -459 -101 -325 -93 -281 -267 -270 -90 60 -476 -475 -206 -5 57 226 -494 -253 -280 484 -413 -490 -187 -82 398
31 -164 -16 240 459 -34 -80 -3 -125 400 326 -428 121 -17 -209 -295 -191 -118 -242 -369 -65 -89 -482 -486
154 465 -302 -20 -141 -352 -71 -116 -325 -337 334 -254 -449 278 -61 467 166 -248 -199 8 -152 -234 -348
488 -21 -412 -482 -116 201 389 -250 -80 -492 -17 236 251 -60 -37 232 -164 -93 -30 -117 -297 374 -434
73 477 -333 -93 21 -402 355 -232 -401 -39 -198 -165 -57 -140 -356 -486 -271 244 -458 -208 -386
56 -451 42 -447 -191 -422 -350 -426 288 -185 -355 -162 -276 -226 487 -113 -250 187 427 -207 -294 -308
230 -337 -332 -30 -148 -20 -223 -355 -215 140 376 119 -252 -288 -115 422 -463 -162
228 -463 496 -356 490 -439 -455 -469 -388 -369 -250 -254 -275 -278 -312 -68 -223 -48 -256 -307 -164 77 -483 -310 340 -404 -24 -242
157 52 -245 -324 -32 -122 223 44 -490 -188 -482 393 -472 119 -387 -333 432 -258 474 -216 -341 -479 -291 -192 372 -136
131 -366 -416 242 -371 -307 -256 -374 300 298 -163 -146 -289 -413 -486 62 -465 -382 -95 -21 -89 -297 -260 474 -104 -19 -185 -426
141 -158 -73 -65 -18 -90 -119 -280 -231 -473 -496 -288 126 275 98 -489 -327 264 -383 -395 -411 -253 -179 -386 -3
211 78 457 -297 -310 -68 433 -348 80 -224 -328 -42 -207 -474 -17 -280 -414 -369 -108 -29 -238 -446 -384 -301 -415 -440 -430 -86
16 -253 -395 58 90 -70 -190 -251 -193 -354 -365 -466 -256 -230 -305 -51 -160 -207 -479 -26 -481 -183 -197 159 -390 -84 -459 -480 -77 -203
123 102 -357 333 -207 394 -296 -11 -100 20 -380 -176 -256 -2 197 126 -440 -236 -451 -35 -64 -83 377 -66 435 258 363 -401 -210 -268 356 -343 -52
61 -185 -475 -486 -74 -409 -478 -309 364 -318 -80 -299 -271 -263 -294 -108 -295 194 182 -395 -436 -209
487 451 492 -263 417 422 -254 -84 -229 -269 -181 -353 -129 -123 -211 -286 -69 -481 59 -99 -305 -431 -138
68 263 -320 -190 221 -397 -16 -346 -83 -407 66 -450 404 -413 -251 -63 -151 -398 -331 162 -81 275 -336 483 -7 -200 -25 194 -473
155 -128 362 -15 -214 -415 -323 -500 -39 -398 -134 -331 -283 -438 -190 -393 -381 -306 -138 -164 -251 -100 -365 -240 -267 -167 -351
43 404 418 -197 -183 -257 -265 -455 -58 415 -423 -422 -71 36 -434 -496 -66 -72 -421 -476 -324 -151 -450
244 -154 -137 -423 -41 402 -106 -274 -189 -456 393 -407 389 -265 -53 -17 -247 400 -177 -289 -417 -243 263
189 -95 -403 -279 -278 -97 -50 -272 -16 56 -231 -280 228 -304 -14 480 -79 -38 390 297 -60 -15 320 -268
57 345 -130 -476 -153 -351 -388 -286 -371 -260 -116 -85 -37 366 -113 107 -498 307 -478 -209 -311 -71 -200 -134 -250
312 -349 -403 301 -488 -421 -154 -39 -28 -111 -6 -222 -456 -137 -374 -180 -498 -256 -158 -62 -103 136 -324 -54 -150 -273 -478
325 -81 -82 -252 400 -266 355 -260 -36 -253 -288 -45 -107 -56 -493 -70 -28 -356 -277 -480 -87 158 -109 156
435 -376 -466 -139 -15 126 -449 343 -301 -384 -414 -392 -166 -103 380 -403 -130 -290 -321 -377 -497 -346 134 80
60 -363 -185 -492 303 -155 -219 -207 -118 -356 482 -262 -193 -394 -402 61 292 483 -113 257 -484 -489 -419 -289 82 256 -337
94 -63 193 -351 -339 -159 -461 -152 275 18 -123 403 -387 -345 -40 -49 -495 17 -284 -242 -431 -161 -418 -189 -79 -249 -291 -222 -219 260 -246 496
437 -292 -333 -58 -129 -289 -209 -433 -500 -435 -269 -397 -335 357 -185 -284 -495 480 -417 84 -9 -294 -446 181 -161 -136 -483 -94 -414 -242 -428 -31 -182 -206
251 -462 -233 -266 -316 220 -184 -86 -355 -497 -444 -311 -143 -250 -106 -219 -26 -397 -330 -78 -269 -469 -225 485 -126 -49 -10 483 -379 -422 125 -85 -371 6
93 -96 -362 -403 368 -103 -384 -489 -313 -165 -351 -414 -191 -125 -430 -189 -107 155 282 -243 -439 -233 -238 -442
366 -395 -485 -420 -404 -213 -428 -290 137 345 -344 -164 -304 -373 473 323 -244 -217 -194 -105 -285
329 -297 -90 -130 -80 330 118 -450 -334 -416 -274 -488 -465 -454 -206 238 -393 -63 -46 -135
6 -393 -63 -325 -323 144 -288 -255 -275 -466 132 -418 -161 -425 40 -79 -68 123 -276 -199 -171 -497 -221 -209 -148 -218 112 -465 -108
443 -151 -334 -182 -231 -191 -385 -80 406 -36 -430 -294 -199 -44 -457 -8 -106 -66 -130 -45
188 342 -94 -332 -371 -196 -167 -92 -373 -404 -236 -367 -144 -325 -430 358 -381 -126 -133 -391 -64 -150 -185
151 -64 -207 -32 -225 -53 -21 293 -271 -127 -325 -92 8 -356 267 -110 -57 -228 -347 -67 -65 414 -406 -496 -497 -401 -256 -11 -463 -44 -58 -458 -158 -219
142 -135 -131 -77 38 -59 -39 277 84 -9 -120 -409 -404 -450 -44 -477 -286 -495 -12
23 345 -124 -189 -74 -95 -313 -139 -253 -339 -212 -310 -100 -412 -225 -48 92 -325 -194 -461
419 -306 -137 -185 -420 -129 -50 -88 -387 -454 156 -307 -436 294 180 -162 -85 224 -227
176 -122 -279 -240 33 -196 -419 55 -212 116 -417 23 -85 294 -31 -347 -439 -332 -109
49 -458 -129 -366 -401 -108 415 -145 -369 494 -416 397 -467 -162 -359 253 -326 -204 251 -393 -8 -180 -255 -338 -224 -198 126 -120 -114 -106 -219 -154 -131 -377 -413
494 -254 -344 -124 -342 10 -464 -64 -21 -358 164 -54 -381 -31 -258 -77 -497 -200 -43 -81 498 -480 478 -87 177 -303
454 -332 -132 -303 -437 -490 199 -334 88 -4 -205 -9 -342 -404 -473 -72 -378 -84 252 -75 -280 110 -43 -180 -292 -140 -271
107 -87 -98 -102 -121 -390 -51 -313 -230 21 133 -208 -210 428 422 -190 -361 -375 -126 -215 -329 -330
80 51 -419 -447 -385 -338 -125 -477 -334 62 -19 482 -105 410 -492 -347 -178
467 -228 -377 -235 364 -450 -242 -353 -379 -181 -256 -49 456 -370 -465 244 -104 -6 -28 -426
465 189 -368 -315 -240 268 3 -200 -229 -68 -418 -71 306 495 -285 -463 -173 -139 457 10 -50 -440 -464 -290 -394 -46
301 -287 122 -6 -410 -14 112 -288 -235 -198 458 -316 -241 -15 -370 -127 -356 -33 -21 -382
428 -216 -367 -126 -299 387 -146 -217 -431 390 371 -47 -483 -292 361 -218 -33 -421 -237 -164 -162 -53 -325 -498 -19 -228 -320
181 -112 -190 -94 113 -252 -290 -29 -63 -146 -180 -279 -266 -452 -303 -271 473 -375 -277 -449 418
108 -458 -105 -233 -430 17 -304 -153 -429 -287 -210 119 -274 -420 -15 -459 -361 358 -483 -243 -252 -139 -147 -2
138 -205 -466 -179 -140 292 282 -234 191 -62 -410 -86 -21 -256 -483 -490 -296 -126 239
211 -310 -17 -221 -474 -441 -499 -23 -85 -36 -274 -451 -376 -158 110 -148 186 -381 -318 314
368 -88 -18 400 114 -221 8 -359 -259 -241 -377 425 -129 -27 -268 -451 -302 -381 452 -122 -316 -7 -345 91 -436 -329 -14
166 -32 -119 -248 -70 394 -481 -59 -322 -195 -140 221 497 -27 309 -457 -155 49 -388 -423 -215 -285 -75 -304 -431 -372 464 -336 -473 -39 -351 -99 -260 149
62 268 354 -7 -176 -180 -70 -330 37 -309 -337 -220 -298 -73 -49 382 -403 -123 -342 32 -394 -387 -89 -188 315 -168 -216 -489
65 -188 -209 -249 -326 -227 -373 -118 -422 37 -13 -314 -148 -496 -99 -86 338 -376 -295 -226 -156 -164 -413 -430 -56 -113
164 -82 -278 -392 -215 -52 -97 351 47 166 -388 189 -274 -124 -337 -335 -487 -368 -103 -17 195 -297 306 345 -25 -188 -236 -479 -72 159 -304
199 475 -56 -423 84 -290 270 236 188 -42 433 -292 -308 -94 -86 -140 -107 -251 -299 -453 -58 212 -262
266 -471 -198 -138 -71 -49 -257 48 -236 75 -464 -436 427 -347 -221 -250 -62 466 -272 -271 441
426 -79 -188 -256 -458 -224 -30 -386 -153 -98 -352 -163 -486 -73 393 -474 -236 -387 -310 490 -409 -96 152 -171 222 -438
230 -416 -483 -19 -466 -88 192 -285 -391 -304 -471 478 -44 -398 -482 265 -487 -344 -457 -221 -53
29 -203 -320 -349 62 -159 468 -184 -170 194 -177 -354 -118 -266 -76 -456 -244 410 -24 -490 -102 221 -55 449
139 -486 -203 342 -495 -390 -311 -270 -288 -179 -363 75 -85 -385 -237 426 427 -323 -177 362 425 -14 -67
401 -165 -112 -475 465 67 -455 -227 396 -115 -271 -62 -173 -20 -17 315 84 -320 106 -182 -354 -164 -139 -72 292 -162 -56 -261 35 298 111 218 -484 -92
152 -334 -142 -225 -487 77 -205 -47 -93 -234 -474 -379 208 280 -345 -394 -6 -488 -17 -4 -310 -229 -102 -250 32 -72 -314
264 -43 236 -84 -134 -30 -3 -441 87 -34 -445 270 -174 -372 -209 -125 381 -63 21 -118 -341
497 -309 -242 -486 -454 -292 -380 -402 -458 -291 -366 -104 -285 -383 -296 -435 -163 -392 370 -268 -60 -141 -386 -324 -496 -254 -418 -89 -361 378 -174 -428 -67 308 -338
111 213 -80 58 -33 -211 -314 -256 -66 -180 -4 -344 -441 -384 -197 -445 -142 -487 -448 -41 -316 -419 479 -308 387 -231 207 -228 -165 294 -89 11 -223 160 -400 -35
196 -189 -385 277 157 -230 -487 -332 -479 15 -314 76 -251 -459 -7 -181 -478 -264 -75 286 -221 274 149
444 -190 -446 -82 -481 437 167 -326 -171 -67 -66 -487 -244 -257 -415 -199 -200 -480 391
216 -162 -443 408 -15 -167 2 -318 -229 -189 -467 -157 343 -120 16 165 -67 433 -91 1 -175 -441 -334 103 -250 -474 -213 -287 -198
330 -359 -125 -37 -45 77 -360 -134 -320 -495 -383 -106 -144 -335 -321 -382 -296 -133 -272 -177 8 -265 -466 -339 55 328 -327 -306 -354 -343 -9 -128 -420
123 493 10 -23 -50 -478 -306 445 260 -278 -48 -320 -213 -374 -451 -364 -130 127 -279 302 -135 -365 -221 150 -225 -148
97 -222 -158 -31 -364 53 -94 -312 -132 -485 -395 -484 -217 -234 -436 301 -211 -93 -125 145 -201 -63 -18 86 -28 68 -297
73 -170 63 -417 -298 -442 -183 -105 262 -232 54 -489 -411 -233 -52 -461 -406 -327 -142 353 -173 -189 -169
404 -354 -288 -115 -232 -485 -17 -434 -176 -58 245 -41 -79 -261 -311 -135 -178 -219 -319 -268 -396 -460 445 -214
282 -54 -214 -179 -40 -252 -212 34 -491 -25 -221 -288 -56 -255 -299 -479 -301 365 -60 -203 -63 -90 23
142 -456 -127 -272 -120 164 69 -441 -170 -326 -140 -60 325 -322 -89 -250 242 -136 -235 -431 364
459 -51 -472 -107 -375 -44 -91 -417 -337 -16 -5 -482 475 -255 -340 -197 -500 -272 -122 -282 -158 239 -116
24 388 -245 52 -332 343 -41 468 -268 -399 385 -264 66 -212 -242 -143 -119 309 -462 -157 -151 -230 -69 -186
258 -195 -91 -40 -202 -207 -407 -295 -314 -4 -496 -443 -225 -185 -235 -299 -457 -360 -327 -297 -56 -166 -414 212 -210 -409 -302
78 -271 -387 376 -52 -36 -337 -58 -8 -10 -185 -176 -39 -89 -127 -386 26 72 -121 -394 -88 -491 -4 -16 -194 -244 -476 -443 207 -280 345
40 -244 -36 -197 -89 -377 -162 -190 -39 -112 -159 -160 167 -145 -134 -196 -360 -406 394 -453 321
62 -358 -324 -75 -141 478 -144 -188 -368 -231 -2 -474 -310 355 -209 -83
267 -405 -3 464 -242 -34 -472 475 -336 -309 334 -55 -423 -355 -288 -120 -490 -338 -486 -375 -268 -155 62 202 -251 126 -420 -281 -128 -204
292 399 -402 -181 -140 240 -337 414 -150 467 346 -136 71 -177 -22 -434 -386 -248 -332
146 -367 -98 -80 -251 -160 -147 -10 -150 -339 21 -420 -403 15 -116 -50 233 118
154 281 -475 -148 -192 -437 -144 -494 -285 -34 -363 -118 412 -15 -239 131 -56 -227 -187 -362 -235 -36 352 -474 -257 -280 -149
385 -295 29 -182 -408 -199 -326 -392 -100 91 -357 -99 -372 -238 416 -315 -77 -186 -236 141 365 -158 -155 -388 -493 -307 -360 -453 -310 -65
141 -205 -346 -378 -457 -291 -230 -440 368 -489 225 -419 -134 -471 -493 -450 274 380 -179 -492 -244 -184 -498 -261 -29 -374 237
307 286 -389 54 -328 -2 -136 -87 -77 374 326 -100 444 -74 -430 -463 -72 -472 -368 -324 -290 -21 176 -359 -433 -483 -306
320 -85 -160 -38 -268 -12 481 -107 -240 308 -169 -415 -273 277 -282 -379 208 -237 -130 -35 -386 34 -164 -174 -305 -338 199 -77 -414 -261 -161 -29 -438 -263
435 416 -250 -356 -155 6 -104 -272 303 -362 8 -345 -384 179 -374 453 -45
381 66 -161 -389 -486 -34 -444 -22 132 -187 -391 -69 -194 -72 -111 -212 -430 -27 435 -316 199
153 -370 -134 9 -5 -449 -132 466 352 -143 -491 -302 -116 373 371 -459 -392 -327 -305 -90 -364 -328 -486 425 -92 -270 83 -34
275 -477 294 457 28 58 429 -340 -338 -365 -306 395 -390 -111 -47 -143 -454 -39 317 132 -81 -109 -252
381 420 -203 -346 -103 -226 -431 -398 -174 -388 410 -335 -288 -386 168 -4 -446 -267 185 -55 122 -451 -56 -477 -290 -325 -292 -422 -181 92 -189
448 -244 -333 -214 -177 101 -91 -375 -247 -240 -315 -109 -142 -485 -133 -37 -199 -217 -355 -191 264 369
208 -167 164 -378 307 -136 275 -500 -153 422 -427 -200 -264 -377 -223 405 473 -146 271 -110 -437 -18 323 -338 -417
331 -339 -80 -166 115 394 -405 367 -114 -283 -94 65 -25 -84 217 439 -412 -340 34 108 -83 419 -458 -391 12 491
448 -28 -250 -498 307 252 -50 -160 -136 3 -83 -37 -161 -18 111 -46 -435 -208 -384 -385 157 280 -387 -413 -40 -281 -91 -439 -4 -154 -373
242 -211 -95 -171 -304 -209 -295 -286 -179 191 -241 -17 306 -405 -257 -430
184 145 -368 215 -348 -269 -60 -43 387 -36 -314 -359 285 -235 287 -146 -221 -198 -102 -475 -248 295 466 -372 -236 451 -231 -21 -76 -191 -341 -382
202 381 -95 -443 -484 -161 -491 -34 -413 -350 -48 -163 -386 -346 162 -246 40 -154 33 -261 276
469 17 -260 -221 -393 428 -212 -29 -394 -155 -448 189 -259 -205 -434 -179 -159 -352 -391 -213 156 -37 82 -177 -121
167 309 -326 -370 -140 -374 -179 -186 -274 -63 432 376 -164 -150 -235 -90 -412 332 -463 -269 -322 -413 -487 -173 -485 -253 294 -329 -41 -336
429 -93 -299 321 -399 -247 -481 -271 -345 401 -5 437 388 -346 172 -52 -37 -237 -341 -315 -146 -368 -102
459 -381 -390 -455 -445 -387 -319 -263 -369 335 -102 -473 -451 197 -73 442 -179 -456 -227 238 160 -353 -410 342 231 -33
481 -210 -371 -415 -331 126 -148 -383 -290 -207 -328 35 397 -459 -187 -166 -450 -386 -182 309 118 -312 -405 -31 -402 -162 68 -24 -169 -475 -437
236 -345 279 -276 -285 -39 -300 -139 -95 282 -133 158 -175 -389 -87 -431 -356 -65 -48 272 478 -25 32 71 -289 -418 -225 -121 -132 13 -398 -458
220 -179 -13 -294 -414 -50 -139 -454 -353 -98 -72 -499 -385 215 -354 -125 -415 -483 -400 -466 -298 227 -290
217 -87 127 -63 -305 8 375 152 -206 -343 102 -366 -254 -80 -114 471 399 250 -75 -233 -218 243 -450 -442 -308 -401 268 -345
445 36 -191 -391 -434 71 -383 -459 387 -407 472 -169 -140 -358 -344 -323 444 -31 -16 -398 -348 -45 181 86 -468
98 -1 -270 123 -10 409 -189 -331 67 -224 -118 -282 -109 397 -228 435 87 -112 86 167 200 -449 108 -364 -263 -429 -104 -479 -377 -92 -284 -345 136 -163 -138 -236 -437 93
350 -16 -132 -340 -282 -7 -440 -243 -264 -165 -376 -437 -265 -391 -108 -431 -308 434 -105 -51 182 -430 86
343 -273 155 494 -459 -233 -191 269 484 -265 -159 -237 213 246 241 -184 121 -125
14 -52 -316 213 -250 -367 -461 -397 -214 -391 -400 285 -61 -36 -37 262 -398 81 -362 -275 -168 350 -383 119
391 -417 -381 -473 -414 -299 282 96 -444 358 498 -173 -468 -50 11 480 -68 -22 106 160 -5 433 -91 -66 -422 -346
188 481 -448 -286 -467 -480 -265 94 -373 -312 140 -251 -408 -121 -198 -199 -449 148 357 -168 -495 318 -52 -335 182 -187
476 -151 -230 -19 142 -370 -361 -499 -440 -448 -373 -80 -482 -294 -405 -111 -428 -134 -358 -110 -266 -292 37 -122 200 93 -155 -461 -360 -478 -153 -55 -118 -290 -466 293 -484
34 -342 -298 482 -368 -227 -218 -311 -55 -186 -217 -500 463 -36 183 438 -207 -18 -179 -150 -48 -116 -477
15 -354 -12 41 -120 -129 496 -369 -3 -253 64 -236 461 -451 -456 -458 -448 305 -45 -382 -332 -471 -425 -32
15 -214 -235 477 171 285 -45 -116 -10 -14 498 -468 -197 -419 -274 -427 -303 -257 -382 -57
230 -323 283 72 -385 -84 127 -483 42 -132 123 409 -180 -217 -34 103 -450 -377 -95 -56 -326
459 316 -335 -389 63 338 78 -239 472 -234 -28 268 -392 -334 -162 -407 -378 -434 -158 -211 -446 -88
339 -220 -457 -88 -118 -286 -261 18 -248 464 -474 -34 -53 -8 -73 -275 -160 -409 -137 -33 -371 -369 -222 -188 -6 -360 -119 -226 -114
239 -262 -261 -253 -240 -439 -243 -311 -423 -316 96 436 -245 -391 304 328 -23 -156 -121
404 -103 -456 -393 -430 -500 -97 -44 -317 -325 -410 -257 -194 -468 -394 297 -478 159 -154 -492 -233 -9 -249 -387 57 319 -253 315 -60
393 5 268 -337 -71 -469 117 -63 -226 -488 173 -207 389 -339 -221 412 -145 -223 147 -485 14 162 -482 -441 -125 295 -333
365 -487 -87 -405 -89 -166 -1 -265 -92 -305 -247 -9 -100 -385 -407 -290 -464 -283 -478 -108 -3 -218 -82 -101 -467 -413 -387 -449 262 226 -90 -229 -36
298 485 -3 -236 -337 -247 -493 -382 -278 463 -324 -380 -401 -430 457 -462 -359 -335 427 -96 -397 396 -255 -244 -320 -41
267 -129 -296 -373 -439 -163 -340 -485 -217 -85 -274 26 -143 -500 36 -138 -387 362 -489 -25 -323 -299 -348 -436 -345 413
43 -382 -120 236 -202 -350 -327 -372 22 -323 -211 -282 -405 -173 -82 -109 -117 181 16 -397 143 -446 445 -422 -83 76 -39
418 -439 -364 269 -349 249 -122 -386 -66 -293 -224 464 -54 83 -328 -181 -244 -472 315 -209 171
20 -135 -119 -78 -61 -364 -377 -177 -13 -336 -140 -39 -153 136 -196 -319 -188 -160 -478 264 -46 -268 356
377 -222 -370 432 -324 -438 -175 214 -128 160 6 -408 -382 412 -344 -413 -211 -262 263 -273 -199 -219 -373 -425 -233 -208 -290 -385 -354 -133 329
232 -301 -484 -79 -224 -357 -326 -87 72 -302 -70 -190 -252 -445 -123 -439 -482 -365 63 -310 -385 -2 -338 -129 -67 -215 -122
495 282 -203 -310 -152 337 466 -390 313 -96 -391 -425 -478 -433 354 -266 -307 -124 -382 499 -9 -438 -412 -308 -334 -261 -251 -77 -192
316 -198 -116 205 94 -209 -66 -255 -162 -279 -243 -406 57 -246 -391 -412 -387 -10 -201 374 -238 -334 -220 -376 -341 -369 -320 20 -122 -194 -158
404 -359 -130 -385 -123 -480 -240 -105 -120 344 -467 -387 -448 -269 475 -292 -430 -200 -65 -462 -40 -463 308 -244
344 443 -300 -267 -90 -144 -207 -305 -470 -390 -414 363 -429 -259 -166 -168 -455 -76 -184 -22 -172 330 -215 -96 -47
494 -395 -134 -180 -117 427 -144 -281 -342 -401 110 -162 266 -291 -191 -124 387 -143 -471 123 -106 -5 -112 -340
46 -101 -165 -238 -301 287 -415 168 -399 -5 -130 -293 -132 295 -332 -440 -274 -446 -48 -177 -349 -394 -233 210 -423
226 -399 -137 -192 493 -455 -173 -415 -270 -152 -56 -70 -134 -181 -186 -214 -386 -25 -446 189 -190 -221 -35 -409 -15 -293 4 -359 -384 -184
351 -32 -250 -462 -200 -451 -297 -470 -233 -185 -115 -46 -8 -134 -348 309 -252 -222 -172 289 -20 -83 162
359 -402 418 437 -179 -47 -183 -158 -139 -433 -394 -284 -344 -267 -432 -149 -133 207 -24 -192 310 -155 -262 -27 -26 456 -305 -363
358 -140 -331 326 -93 -335 -453 -204 -168 441 -149 303 273 -78 152 -240 -16 -231 -425 -281 -274 -107 -162 -14
498 217 -35 -408 184 -326 -232 -192 -169 -91 -12 -29 -196 -141 -268 -454 -175 -7 -261 -95 37 -127 -68 -237 -54 -406 -20 499 -132
406 -54 -299 -72 -306 287 -436 87 -415 -208 -143 -386 -74 -121 -367 207 -102 -163 -356 -68 -235 -91 -432 -340 -471 -352 -13 -160
395 -87 -458 295 -164 -403 250 -154 313 -494 34 -181 -239 -312 442 -441 -469 -336 -362 -249 -101 448
365 -267 324 -346 185 -481 -193 57 -281 75 -38 -92 466 -171 -128 -19
64 -462 -118 -156 302 -171 -322 -301 70 -181 -184 102 -376 -177 -240 11 -397 -96 -229 -380 -138 -228 -17 149 -319
46 248 -85 -170 -227 -435 -140 -500 320 -115 -347 -289 -378 -366 -232 -41 -432 -156 474 -56
84 -164 -112 427 -89 -106 -144 -364 -75 -27 -44 -59 -217 -201 -107 -322 -488 -333 -476
427 -168 -55 -319 -91 -279 -46 -3 -365 -180 -311 -482 -244 -235 -93 -32 -255 -373 -82 -194 469 294 -332 -133 -436 -120 170
126 -346 -82 268 -12 -112 -481 454 -247 -295 -174 -15 -232 -460 -214 -194 335 -281 -289 95 498 -1 -26 10 -225 -100
381 -165 499 -465 -456 -182 -341 -96 425 -2 -99 -419 -279 -5 415 -277 -198 -78 -469 487 -204 302 342 -256 -156 -382
33 -488 -79 -307 -265 -178 -168 -165 -193 23 -429 -131 -111 -311 -468 -226
60 -216 298 -89 -220 -382 -348 295 -184 262 -294 -36 -139 -269 -201 -390 -321 -190 -82
312 -422 -240 -489 -227 -338 -359 270 455 -224 -463 175 -446 152 -197 -381 -26 242 -7 -442 -297 -449 -432 -99 -20 -238 -358 334 -216 351 -349 -50 -423 -337 -113 -380
481 -227 -208 -482 -84 -127 -138 -238 436 -143 -258 -441 -296 -305 -484 -500 -255 -149 -54 426 -268 -355 -252 -80 -111 -219 -309 -345 -267 -178 -132 386 -236 -155
93 -448 -393 -280 -449 -273 25 -2 -497 -9 -18 -219 -319 89 -464 419 -325 -163 -416 -281 364 -237 -282 -184 -178 -112 -297 -336 298 -384 -72
43 -266 -89 -323 -41 -66 -177 -195 315 -313 -126 -243 -258 -346 -458 190 -430 -197 -85 -128 -61 252 -14 -375 -6 316
142 -379 -426 434 -444 473 -171 -457 -435 -213 318 -241 -395 -422 446
314 -473 -64 -50 -175 -248 -95 -180 -164 -62 -172 -318 -309 -46 -24 -225 -238 -70 -242 -279 -308 -15 -452 -212 -116 -336 -386 479 -184 -263 -75 -287
468 -190 -52 -450 -278 263 256 -218 -300 -397 -161 -341 -376 -81 -101 -138 462 -439 -47 -68 -315 -172 -356 -387 -54 -399 -151 -487 -223 146
206 -108 -166 -403 -452 -125 -127 -48 -66 -405 -292 300 -460 -216 -314 64 -466 -195 -215 -325 -73 -395 -110 477 -326 -426 -144 -49 -86
331 473 -485 -187 -29 -220 -104 -233 -166 40 -240 -306 -460 -236 -477 -8 -34 -65 -249 -337 107 -228 -478 -216 -151 -368 42 418 -401 -493
384 -472 -459 409 -271 340 -6 -49 83 414 -29 -177 -300 -239 -419 -280 -224 -296 -191 -386 -27 -425 -322 -370
65 -29 -495 494 -492 -27 -82 23 -216 -140 -470 -174 -149 184 -107 45 -108 -412 -67 -196 353 -90
106 268 -162 343 -226 331 -49 -379 -256 -325 -187 -1 -400 -80 -334 328 308 -477 -155 200 -340 -456 56
385 -118 -192 -74 -24 -377 -226 -459 -372 -185 -264 155 -234 -91 382 -134 -61 -293 -304 -476 -131 -146 -460 274 140
359 -32 -78 -26 -480 -403 -71 -178 -301 -473 -364 -404 -56 -45 371 -105 -25 -44 -389 -344 -271 -205 486
39 -411 -495 -220 -446 -215 -487 -316 -449 -329 -375 -393 -465 -494 -92 -481 -230 -52 -265 -193 -459 -259 -389 129 -89
110 -31 196 -71 125 434 -438 187 -161 -32 -273 -472 -205 -451 -120 -41 -259 -162 -440 81 -424 -100 391 80 -34 -486 -157 88 -457 -441 -324
16 -338 -65 -251 -14 -44 -160 -92 304 -204 -11 -239 -205 -363 450 -324 -226 -203 -206 209 -467 135 -301 -80 -62 68
353 -295 -178 -333 -424 -285 -467 -329 -256 423 -141 82 -245 -411 -478 -247 -284 -157 -190 -483 -271 -115 -172 -458 433 -466 -283
351 -75 -484 -52 422 -30 144 249 95 157 -284 -123 -392 -140 -463 -455 -416 234 -255 -329 -146 121 -38
302 -244 -232 40 297 -77 -272 308 -221 -159 -310 -47 -31 -471 -242 -410 -456 433 -314 209 -219 -322
63 -449 -285 -47 307 -361 -348 -128 -143 -358 -90 -284 -17 -19 -280 -191 -491 462 -322 -110
290 312 -469 -379 -85 -452 438 -58 -489 -1 -52 -217 -219 -59 -22 -463 -336 -260 -177 496 415 -250 -334 274 -125
305 -313 -242 306 -419 -44 -340 -440 -32 -30 -393 -278 -93 -384 -449 -320 347 144 -271 61 12 -434 -230
186 -313 -376 181 -465 278 -73 332 445 -94 -427 -132 -377 -400 -429 -114 -189 -390 -125 -425 -462 292 -113 -342 -172
104 129 -332 -311 -66 417 132 -397 -65 -32 -138 -13 -127 -1 -317 -211 -321 -416 -100 -315 274 -63 -300 339 -445
187 -294 -72 -425 -334 -170 -460 -483 -471 -120 -264 -364 -375 449 -31 368 -161 336 366 50 312 -280 342 -233 -235 -88 34 -251
154 -26 -271 -496 -28 -411 -424 -377 -393 -263 -82 -261 383 -175 247 463 -487 -197 -183 -367 -127 128 -19 -213 -380 -320 109
68 -189 296 -478 -127 -426 -179 412 -408 -157 -198 -485 -280 -225 -243 -77 338 368 -66 -286 -411 39 -377 -415 -347 -195 -72 -401 -139
79 -203 -350 -225 -195 -455 -9 -56 -309 -444 356 -262 434 -206 -221 457 -92 -87 -141 -382 -325 275 422 -451
78 -29 -379 -271 -187 3 244 -429 -87 -108 -309 368 -336 22 -484 -63 -6 -171 -120 -388 -197 -119 -121 -347 -233
318 -141 -309 -324 -381 -157 -171 -316 -345 135 457 432 -126 122 -415 -2 -448 -447 -337 -392 363 -300 -185
66 -457 -101 -38 -32 -325 -368 -75 -295 -220 -480 -394 -115 -90 327 418 133 -448 -138 -353 185 -48 -130
489 -264 -7 -446 -73 249 -246 -276 2 -240 -5 -77 -303 -499 37 -216 485 -182 -96 -176 -99
291 -227 -229 -174 51 -344 40 -106 -12 -436 387 -118 -79 -447 -267 -89 -180 -430
256 -134 359 -178 177 -154 370 -267 -349 -417 122 156 -225 -197 -40
296 -178 -375 -249 -219 -182 56 -287 -482 -345 -29 -227 278 -350 -218 390 -400 315 -24 -60 -491
311 323 -347 -283 -31 -396 -388 295 -331 365 -58 368 -459 -487 215 -298 -33 -14 -344 -434 -104 -394 -40 184 -219 -25 -301 -190 -379
315 -45 -158 -298 -489 275 335 -127 421 -123 -339 -244 -249 -269 -115 -124 -42 -291 151 -340 295
384 -459 -497 -379 -475 -446 -79 -389 -69 339 -4 -130 -483 -404 273 -154 -112 -148 -284 -427 -114 -311 -443 -169 -343 -428 -321 -158 135
30 145 384 -34 -204 -192 -167 262 -277 -292 -114 66 407 -452 484 -140 -41 -229 376 479 -242 -459 232 -498 -291 -116 -449
101 -363 -332 467 -291 -150 -187 -488 -143 -487 -198 -346 -176 -385 -442 -149 -491 -351 -380 -391 -360 32 -451 -113 -79 -234 -427 -86 -299
91 -144 176 -253 -330 -156 -128 -7 -372 -230 -402 -83 351 140 482 -73 -44 -294 -384 -440 -261 -419 -232 -470 -388 -72 -239 -462 -310 -271 -114
167 -12 -277 -338 -386 -281 -441 -233 -267 120 -88 -383 -367 369 -442 -265 -222 -52 -450 -110 -248 -23 -448 -337 -363 -189 -456 -228 -295
274 87 -346 -96 -44 -251 -9 -480 -155 385 -272 -21 365 -237 -35 -227 56 -186 115 -33 -395 -48 90 -199 492 -483 -343 -246 -331 -38 -173 397 -364 -57
102 -216 -60 118 -249 -230 -182 -185 -312 382 -303 -380 -453 217 -238 -394 -486 -471 -387 148 -18 -179 -345 -448
62 -88 -382 -276 -177 -218 -374 -49 -57 -244 422 -234 -373 -300 -426 -134 -264 271 -444 -95 99 -461 -221 -378 -45 -266
466 -429 484 352 -85 -370 442 -326 28 -303 -405 -270 -382 -251 -175 -374 297 -36 264 -488 39 -478 -257 -489 -216 -322 -163
353 -452 -404 -483 -235 -76 -138 -367 -332 405 -425 -424 -35 -251 113 -290 -497 -482 -197 -473 -242 -300 254 284 -20
86 -239 -219 -35 261 -469 -421 -100 -53 -477 -159 -444 -353 -206 -462 -149 -315 -473 -399 -10 -486 -464 -161
210 390 -41 194 -128 89 -424 -22 -32 -499 -453 -9 71 -245 -459 -114 -160 387 -302 -254 -31
19 -151 -199 -226 -48 -4 -352 -435 -294 -87 -239 -126 -213 485 -245
448 -191 -187 295 -441 -137 -318 -471 -236 -17 -256 -343 -369 -233 -100 -206 -326 -227 -249 -264 55 190 -269 435 -172 -12
457 225 471 -324 -417 -88 -171 496 -103 -261 -5 58 -150 -156 -277 479 -194 -101 -184 -263 301 -56 309 -82 -315 397 -236 144 -310 -411 208
147 -120 -192 -11 357 -239 -35 -33 -436 -31 -272 -485 210 -412 -263 195 -89 386 -144 -232 -402 -155 -438 407 424 -20 -221 -268 -160 -281 -141 -300 -142 7 -498 -226 -49 -28 -23
316 -380 -287 -424 59 -359 -133 -239 -128 -468 -101 -139 262 -181 -148 -235 49 -65 -114 -198 -34 -445
179 -482 -106 219 90 -112 -23 -422 -208 -186 368 -496 -260 -358 99 -130 403 -63 243 -34 -134 -449
31 -288 -353 -301 -210 -212 -340 379 -405 309 -285 109 -178 -472 -260 -427 -54 357 -97 -42 -381 -432
150 -9 434 90 -42 -26 -290 -387 -133 -22 -20 195 29 -221 -319 -199 -435 -361 -468 460 415 224 -402 17 -41 27 -322 -285 -362
49 -58 465 295 -236 -279 -175 -270 -101 -332 435 -437 -158 -476 -329 -60 -348 -338 -378 113 -129 -61 -132 381 -418 -489 464 -421 -345
114 280 -238 -480 -212 -151 282 40 -333 -458 -99 -46 -84 -246 -9 -302 -92 127 443 -242 -199 -430 -213 455 -446 129
217 454 -63 54 -211 441 159 -7 -101 266 419 -344 -100 143 -278 -270 -16 426 -129 -288 -386 -480 -290 -261 -61
275 -19 -322 -99 -318 -440 -413 -397 -21 -77 -333 -49 -340 -383 497 6 -162 -415 -409 -39 -341 -12 -92 -265 -366 -193 -461 -5 -40 16 -14
96 -180 142 43 -206 -426 161 -115 91 -209 -59 395 -298 -6 -359 -440 123 -177 -265 -378 -482
245 -75 -440 -322 -240 -388 -219 114 -162 40 -474 -227 -255 -34 -370 -184 412 -326 -190 -488 -331 18
362 -67 -272 -468 -424 -72 -23 -8 -225 -145 91 -350 -166 -185 -378 42 493 -476 -200 -492 -29 35
135 -394 73 -316 -57 -238 -46 -120 -64 -418 -279 -10 -389 -301 -326 -434 134 -452 -41 -402 -26 -150 397 -213 -363
297 -310 -430 -183 -363 -442 -190 -192 248 -201 -316 -424 -23 -480 -355 -132 -410 -4 -335 333 -425 -294 -69 -397 -250 -82 -210 -85
272 121 -459 -184 -8 292 -220 -71 -489 -436 -298 -306 -149 -391 -21 145 -390 -84 -66 -397 -295 -476 -163
357 -424 435 -327 107 -140 339 333 143 -188 320 -213 437 425 -363 -366 -422 11 -392 -49 443 98 -434 -60 -241 -439
283 -309 -115 -164 -443 -479 -254 -132 -446 -387 -161 -227 -289 172 -388 412 -317 84 -451 -370 -433 -381 -181
220 -406 -12 -370 -26 -390 -287 -357 -31 -366 340 374 -297 388 -51 -362 -66 -34 59 80 -274 25 -338 -300 -160 177 489 -275 151 -356 382
331 381 -483 -479 447 -498 -75 -113 -458 -129 -209 -369 -121 -217 -130 427 -36 301 -486 -64 -150 -103 -279
52 -324 -315 -81 -20 -78 -277 -118 -66 -348 -158 -485 -134 -473 -246 -235 -272 -105 -335 -99 -170 -275 -75
379 151 -287 -464 -302 -231 -419 408 -254 -203 429 -420 -252 -110 -466 -365 37 -451 -281 382 -263 -19 -467 -387 -389 -131
384 -88 98 -189 232 -405 -343 -344 -186 -300 -19 -15 -432 -113 -278 -479 -69 342 -100 -206 -141 426 -373 270 431 136 -469 -8
438 -32 -317 -76 -420 -192 -66 -84 -140 -216 -267 305 -15 31 17 -484 -254 -167 -225 -54 -111
83 -497 -55 -192 -440 393 -365 -370 -496 -208 -53 -63 -351 357 177 -322 -473 -484 -446 -477 -127 399 -148 -157
1 -178 -495 -484 -438 -496 423 200 253 -383 -20 -282 -148 469 -186 -227 -401 417 -219 -64 -22 -251 -32 -93 -333 -152 -481 -462 -96 -449
236 -41 329 -445 24 -369 -70 -238 -50 -449 -440 -105 103 -500 -221 -356 -226 -151 -224 -477 432 -128 -116 -360 -371 -56 -394 -268 234 -459 -288
152 -317 -69 -112 -215 -338 481 -353 -68 -200 -323 -190 -330 326 -158 -208 -134 81
302 411 -103 67 -375 -455 -397 -261 -491 -326 -293 -314 -439 97 -51 -482 443 230 -347 -429 -313 201 365 344 -354 -203 -254 -494
391 -203 -215 -190 -398 -458 -497 76 226 -19 -1 -20 221 -122 -414 97 -73 -301 -422 -7 -143
467 383 -248 -253 -445 104 9 -17 434 85 -232 493 -471 -352 -340 -39 -451 -373 44 -119 278
6 -124 -166 -485 -159 -202 -81 -330 -269 -465 -207 -315 383 -7 -162 -421 -325 38 -229 -271 -59 -388 -120 -32 -112
92 -113 -321 -93 -304 90 -180 -122 395 320 -15 -65 -99 -275 399 -257 -175 -301 48 124 495 51 -192 -295 142 309
86 -158 -282 -397 -266 -248 163 -390 -388 -259 362 -95 -193 -229 -37 -39 -201 -131 -355 392 155 -418 -299 -353 -180 -289 -381 112 -372 -437 -125
462 -185 366 -227 -93 -48 -191 -268 -341 -351 -496 -216 -448 -44 -349 374 211 -221 -392 -433 492 -434 -203 -399 -470 -92 -249 -201 56 -460 -398
318 -70 -129 -89 -401 -390 -330 -69 -147 -157 -104 -468 -199 -204 184 -428 -363 -71 -285 -310 -493 -10 -298 -156
388 -222 -255 -302 -122 -253 -178 -274 -72 -12 -213 -230 102 -448 -52 -282 -476 -376 -64 -428 339 250 -121 -303 -333 -470 -252 -405 -147 -351 -427
397 -296 -366 -10 -252 149 -450 -224 153 -251 165 -480 -223 83 276 -417 -307 355 -469
325 -231 194 -314 -290 -54 -451 2 -446 326 -173 -403 -449 -57 -68 117 9 -139 -484 39 16 -232
95 -89 -496 -127 -45 -433 -81 315 -467 -301 -126 -215 -175 20 -262 -159 141 -261 -290 -129 -213 -131
489 462 -27 -235 -14 -400 -358 -318 -480 31 -497 -149 -26 -464 52 -155 232 470 -204 -426 -186 206 -371 -253 -67 -386 -364 -436 490 -265 -69 221 -302 -280 -59 -468
289 -319 -220 -244 -339 -95 -223 -129 -28 -368 -495 -86 -426 249 174 -47 -386 -136 -453 322 -399 -466 -312 -4 -391 387 -200 -269 428
371 -330 -271 -350 -327 -30 287 -306 -491 -18 429 -27 428 -379 -138 -424 -208 -71 91 -82 -23 -345 -274 -93 229 -241
209 -313 -361 -121 98 154 -250 -25 -448 -298 76 -496 12 -11 -403 -99 -245 -259 -278 -194 40 -265 -123 -296 411 337 -262 -237 -356 -325 -101
18 -302 -497 -106 -125 221 107 -215 372 -105 -218 -442 422 -91 -461 -454 -7
500 -53 443 -179 148 -273 -338 -128 -449 -220 -313 -237 -394 -37 -149 -54 -252 -299 231 -317 -71 -431 -5 -367 -255 192 -181 -369 142 -461 85 -1 -99
494 -17 -196 -157 269 353 152 -466 -238 -23 218 -71 -450 301 -490 15 128 -366 -39 -161 160 -9 -463 -283 -7 485 5 -292 -416
145 101 292 -247 -163 -136 -192 -184 -423 139 -445 -206 345 26 41 -391 300
199 -323 -85 -29 -351 -136 -315 -465 171 -154 -116 -75 -140 -475 -476 -392 -166 -439 -183 -268 -464 -112 64 -415 354 -100 -22 -282
329 -192 -89 457 -211 -68 -461 -255 -163 -12 -27 -75 -72 -19 -280 154 -434 -69 -113 -441
147 -136 -380 456 -246 -415 -35 -58 -138 -446 -63 -401 -439 -133 -19 -271 -440 178
90 -392 -464 -39 307 -139 -258 -184 295 -473 -32 -60 -385 -446 -407 -55 -314 -490 -153 383 -377 325 193
402 -185 -209 328 -211 -158 -449 -459 -397 -428 -250 -99 -343 -454 -360 -85 -65 -269 56 -74 -120 -67 -315 -179 -177 -259 -104 -265 -500 -73 -366 71 -292
443 -242 -452 -58 420 -293 -368 -178 -50 400 -227 495 -82 -139 -287 291 -179 99 294 -386 -123 -328 -109 -275 44 -209 -133 -214
374 79 312 -239 -379 -461 -395 -402 -204 -134 -108 -12 -173 -92 -246 -51 -326 -199 243 -72 -141 -7 -107 -319 -457
280 -255 -418 459 -14 -200 -332 -417 288 -64 -500 101 326 -362 277 -9 -86 -281 -252 58 -57 -3
457 287 -473 251 -393 -123 -496 -415 -99 -399 292 -170 -200 -70 -51 -478 -234 -23 -116 -386 250 -155 -28 -86 -439 -409 -362 -275 -249 -355 -91 -15 -189 -304
371 -35 -419 -179 -318 -417 -174 -221 -131 144 -160 -465 -372 -130 -282 -345 -301 -150 -178 -384 -269 -190 -94 -11 -236 303 -204 -147 -71 -283
114 -11 -329 -336 -341 -460 -289 441 279 -204 489 -471 -138 -447 -118 -167 -440 413 -383 -491 430 -271 -70
48 151 -302 -490 -158 -14 254 -433 -460 -54 -280 -475 -122 -453 -37 -341 -363 -252 402 -286 -408 -359 46 20 -186
111 -180 -251 225 -8 266 -2 -460 -262 -414 -66 -279 -36 -123 -131 -90 -307 424 -24 -255 -397 285 -152 -347 -41 -53 -249
260 -73 -125 -17 -267 -95 -38 429 -146 91 -186 -458 -454 -230 -204 -448 -240 63 -48
136 -422 -106 -376 58 -320 -109 -447 -361 -81 -222 -103 314 -57 -30 -40 -486 143 -368 -426 54 -32 382 -205 -484 -326 -331
386 -331 -352 -366 -18 -72 -439 -169 -437 -318 -307 -61 -326 -233 350 -100 -489 -107 142 -316 -320 -140 -163 -8 -281 -218 -291 -98 480 -243 -389 -407 -223 -173 441 -13
154 -391 -74 -419 -85 -163 -205 -238 -354 -244 -353 -462 -61 -166 -63 -184 -439 89 -327 -69 -24 398 -161 -282 -243 211
176 -96 -186 -10 -163 -6 -413 459 -44 -142 -185 -20 -371 -438 -384 -481 -202 -434 -41 -449 -39
296 -188 -250 -243 -106 -373 -446 -37 -291 -42 -20 -254 -284 -152 -221 -10 237 -209 -411 289 -367 -76 -171 36 -395 -394 -274
62 -341 -182 -114 -448 -305 -427 310 -347 141 -76 -351 -314 -38 -12 -279 -240 -486 -369 -400 -277 -340 -266 -210 -285 -431 353 -497
322 -204 -383 332 -309 -184 324 -425 -115 13 -301 -26 -479 -271 -399 460 -222 -371 -466 -191 -179 398 -10 -171 -321 -250 -318 -348
387 -203 -381 316 -217 -193 -233 -360 -369 -25 -468 -176 -290 -114 -254 308 38 -166 -144
493 -241 280 -87 -462 -371 -122 -208 25 -317 -114 -55 -65 -290 -358 -21 -226 -327
398 -155 -227 -496 160 391 442 -293 -174 -467 -14 -456 6 -362 -385 -494 -394 326 -255 -339 331 -138 -364 392 -148 -230 -437 -206 -12
157 204 -464 -339 -79 -359 -104 -96 -379 468 -387 -334 -397 -18 -275 -427 373 214 299 454 -394 -269 360 -400 -244 -300 -118 -45 33 -326
80 -3 -25 -60 -471 -131 463 -353 -357 -206 -107 122 -257 -472 -297 -253 -223 -147 -234 316 284
118 -416 -406 -178 -356 -283 97 309 -409 -285 -449 -423 -48 248 -284 181 -318 -163 -257 300
442 -492 -269 -194 -130 -187 -381 -499 -85 -472 -38 -287 -271 -45 -216 -254 -350 -228 -335
229 -355 -357 -218 -385 -476 -105 -198 -32 -386 -392 -488 -26 -353 -236 -280 -362 -237 -201 -444 -140 342 -443
423 -181 -341 -288 -426 -41 -149 -484 164 67 -252 -141 -94 374 -225 -402 -291 -286 -213 265 481 407
132 -325 -268 -336 -218 -271 -387 -136 484 181 -430 -317 -333 -119 176 261 -367 -434 256 -292 -349 -14 -485 -466 -475 357 -365 -127 -351
292 -157 -326 -177 -413 -18 -345 -108 -69 -286 -325 -25 334 -186 9 -350 -279 -431 -446 -138 -483 -116 -358 164 -194
417 -143 -37 -236 -70 222 -10 -170 -234 -375 -49 5 -488 -287 -302 173 -244 56 -144 -323 -448 -469 -224
170 -432 -251 -37 -2 -303 -200 -229 -86 300 -12 -491 -291 9 185 -79 -94 -228 -495 -450 -22 -35
77 -170 -378 422 -343 -478 -466 -1 -480 -359 -476 -74 -156 -323 -232 108 -266 -393 -418 -372 -428 -51
221 -305 -182 -92 -282 -245 -343 -322 -309 -286 -66 -195 90 -366 418 -262 -239 -271 -261 13 -88 -324 -267 -199 -44 -138 119 -255
129 -464 -43 -226 -66 -18 -427 -38 -145 -148 -421 -95 -150 -460 -227 -491 135 -450 -194 -216 457 138 -83 -187
488 -18 286 -334 -389 -384 -491 -62 -477 146 174 -291 132 -444 -202 -182 -342 -341 -407 -498 -436 -266
28 127 -64 -475 82 -294 -235 271 100 -317 -130 -479 -263 362 -194 -43 19 259 -98 -65 -478 -331 -186 -392 -102 439 -448 -405 347 -58
151 -6 -256 92 259 -486 -421 -358 240 258 -133 -464 29 -26 -316 -223 -44 -227 -254 -40 -8 -325 -380 -102 -190
387 -172 -370 -237 -243 -103 175 -144 -494 389 -127 -329 -489 -331 -340 116 -349 145 -360 380 -17 -25 -104 454 -324 -378 -475 -343
86 -78 -94 -124 -148 -268 -321 -239 -313 -193 -220 -18 -400 -264 -241 -19
253 -128 -383 -50 -354 -150 -262 -494 141 -459 -461 -432 -123 -183 -433 -209 26 -222 -454 419 -144
325 -352 -300 -380 -385 -125 104 -96 -20 -206 -14 17 -322 -92 -479 -371 -140 -299 -226 -207 -15 -123 -403 -363 -155 -29 -103 -487
401 -178 -133 -477 -285 -387 -193 -128 -411 -375 236 -410 -379 -327 -188 -481 -397 437 -19 -483 -93 -318 -5 -72 -94 -355
337 -392 -468 -298 293 -204 -432 232 -347 -130 228 -408 -414 -131 496 -280 -66 -276 475 -27 377
477 -2 -181 -415 -76 165 -478 -300 -6 -419 237 -193 -61 455 -350 -456 -362 -34 335 -313 -79 -8 -402 -37 -184 -393 -36 -26 -367
50 -184 -274 -31 -372 174 -464 -230 -16 139 -232 -329 -66 -362 -147 -306 -415 -347 -69 -11 52 -74
398 -189 -388 -73 -266 -272 -54 -397 -138 -466 -124 -489 -102 -304 109 258 -110 -23 -453 -419 20 -337 -208 142 443
411 462 31 245 84 -112 -178 270 -62 -357 105 48 -104 250 -254 -436 -243 452 -127 385 -215
307 -389 -285 8 210 261 -439 -86 -399 237 -356 -221 -219 -376 230 -241 -342 -282 -222 -250 -143 -94 -90 -271 -351 -3 -499
189 -175 89 -260 -391 -10 104 -58 392 -304 -45 -368 -27 -168 -191 -351 -188 -209 -34 -192 -476 -339 -296 306 -132 -42 -380 -39 -46
436 -396 -319 -53 -383 -28 -129 -62 -80 174 -247 -185 -52 -328 -453 -100 41 -456 -158 -57 -428 -371 -123 438 -412 219 -249 -394
483 91 431 -328 -455 -108 -215 -460 -500 -17 -42 -37 -426 422 -54 -408 -385 -115 149 -267 -154 -66 396 24
156 -403 125 -434 -486 -109 -401 -100 -497 -216 -425 -471 -91 -418 -316 -59 -306 321 -461 -108 -6 -212 -60 326
302 -58 -358 431 34 -385 -245 25 55 -204 -310 -405 -496 394 -60 -481 317 -373 -393 479 -427 -134 -69 108 -286 -190 188 -448 -2 -67 -365 -217 -381 -464
428 -452 -125 -342 -325 31 -498 -32 -297 -249 436 -141 -99 11 193 -162 185 -306 -279
121 -193 2 70 -27 -332 -266 378 -112 -122 68 -127 -473 330 -288 223 -170 -317 -153 -390 -82
260 -459 -240 446 -48 -292 -69 -179 -243 -180 -375 -47 -106 -155 -119 -405
376 -441 107 -102 -346 -435 -464 56 -416 37 -142 -125 -296 -34 -216 270 -465 -468 -201 430 -345 95 130
371 -230 -266 -165 -147 -431 -193 -334 -211 205 203 55 455 -449 488 163 -23 -341 397 -91 -388 -60 -363 -306
489 -39 -428 -72 -232 149 -357 -250 -1 -322 -16 -70 -230 -432 -426 -344 -324 -371 -189 -379 -239 263 74 -396 -480 -111 462 -465 -383 -246 -138 117 -430 217
106 -456 -388 -321 25 -162 -199 -330 -18 -137 -424 -384 -198 -35 -302 -182 -273 366 -26 -232 -483
216 -335 -245 304 382 164 425 -469 -483 -12 -463 -170 -168 -407 -377 -306 -375 -199 -171 94 180 -177 -85 -434 380 163 -64 -51 -343 -394 -300 -278 -27 -184 -404
293 -32 274 -344 -143 -401 -149 -266 -243 -136 318 -338 -474 -100 452 39 457 -91 -34 473 -267 -370 -495 -382 -135 -400 -176 -446 -106 313
92 -237 -61 -297 222 -450 -97 -256 -47 279 -298 -232 -472 -75 195 -406 -400 -493 -40 -347 -204 -386 -238 362
451 103 480 -4 -82 -253 -49 -301 -336 -360 -127 199 -327 -194 -204 92 78 -196 493 209 63 189 136 -277 -320 -351 -109 -447 -217 164 -113 287 -436 -264 369
414 -431 -52 -249 424 -446 -323 100 -487 -192 -27 -422 38 -47 -26 -128 472 -92 -407 -456 -444 -250 -376 -497 -227 -105 -354 -330 -234 81 -176 -428
425 -434 -392 -33 -487 388 -257 -315 -373 -435 -282 -269 397 -389 -314 -61 -396 -216 -416 -250 -118 -96 -496 -239 -156 349 84 -47 -267
71 -239 -122 -169 -52 -298 -212 -148 -259 -493 -320 -340 -211 -293 -321 370 -460 -190 -145 -408 -224 -482 -80 -281 367 -66
227 369 -421 -308 -163 -429 409 377 37 -32 -478 296 -467 304 430 -472 -428 -48 -95 -169 -90 -313 78 -332 -96 -311 -403 -342 -470
494 -405 -414 -383 -203 -447 -145 -443 -392 -449 -492 -156 -105 40 -98 89
47 -207 -71 -484 -32 -94 -137 -265 -169 -129 -496 -254 22 288 -12 -284 -399 -485 2 -100 -415 -345 -92 -367 -199 -108 -493
490 -323 -34 -278 -484 -294 283 124 -239 -434 -154 -263 -344 83 -482 -16 97 405 -208 -25 -212 160 -129 -7 -379 221
188 369 -111 203 -313 -18 -78 -60 -305 -451 -88 -199 498 151 -288 -71 285 -256 -336 -131
473 -225 -110 -74 -279 30 -322 -372 -185 -177 -455 -406 -69 119 -414 -245 255 -191 -70 -409 -457 478
238 -97 -333 -81 -118 -495 225 401 -93 -166 -50 -147 -297 -15 -365 -165 196 -206 -244 -221 -423 14 -472 -69 -485
214 -424 -437 -481 -6 54 -416 -150 -142 -69 463 243 -366 -149 -156 -465 34 405 -165 -383 -89 -377 -413
131 175 443 -146 -137 -170 274 -212 -28 -184 366 -94 157 -239 345 428 -119 -313 278 -251 -192 -34 -375
180 463 -223 401 -475 -289 226 -396 432 -138 -448 -388 -222 81 407 -447 -469 15 -225 -4 -77 -8 -177 232 -133 -435 -118 -386 -69 -119
237 -111 -27 234 -187 -336 -300 -96 -403 -185 -147 -57 -328 400 -441 -425 -114 -254 -466 -230 10 -227 -351 -137 -34 -474
445 -80 -384 -215 -34 -22 -243 -77 -399 -458 374 -147 299 -290 -322 -368 -454 358 -9 -480 -214
241 -201 -440 -96 -160 -350 -229 -55 293 -171 -355 -286 -196 -323 -70 -478 -69 -51 -7 -82 -86 -276 -233 -349 -330 -244 -292 -41 264 -272
206 -149 -131 -140 -400 -173 -112 -456 292 -365 -19 -241 277 -280 453 -37 -238 188 430 -476 -199 -359 -432
447 -494 -473 -406 -332 -2 -454 105 156 -286 -122 -32 -457 -307 -474 -471 -358 -255 -449 -465 -199 47 -84 -228 -129 -151
42 -342 -441 -459 -315 -13 -369 338 -92 -475 -101 -319 352 322 151 397 278 -165 350 97 -48 -380 -227 -389 -398 62 -454
449 -409 -485 -155 -90 -345 103 -410 300 -475 -429 157 -471 -434 -218 -242 -165 132 -261 -21 -244 -37 -184 341 -110 427 -391 29 -126 257
97 -385 -74 -83 -214 228 -232 -257 -96 350 -3 149 46 -129 -395 -184 -396 -170 -128
229 -22 -37 -322 -64 11 -359 376 -341 380 -315 174 -488 -461 -153 -390 -9 -55 489 -92 -303 -75 -219 435 191 -254 -165 -422 -8 -41 -209 -83 -223 -443 -426
399 267 -376 -449 -442 -163 242 -274 -365 -464 -97 -87 -329 116 -127 -491 344 232 -9 384 -177 -272 -89
305 -51 -488 287 -245 -50 -271 309 -286 -177 -102 465 -339 -84 -395 95 -205 458 -55 -495 -382 -384 111 -430
184 244 275 -80 56 -383 -160 -249 -454 -484 -257 4 -301 -31 -17 -399 -93 -400 154 -99 -426
344 -124 -315 -471 498 -411 276 -380 -227 -349 -493 -235 -353 -483 -326
447 -434 -111 -422 -23 -362 -124 473 -461 26 107 -495 -313 -157 -372 -464 -449 -467 -9 223 -116 -90 -188 -40 -431 -448 -455 -106 -224 -123 -65 287 -230 -129 -304 -146
53 -74 -9 -128 -103 -491 81 127 180 -200 -68 -57 199 -358 70 -284 -207 -346 -383 -423 -51 -384 -436 -45 -495 -255 -75 -337 500
13 -320 -256 -97 -46 -349 63 -340 191 232 -3 147 -187 -332 -410 -497 -54 99 -226 -360 -266 -221
305 -434 -332 -293 -63 -124 -422 -466 -100 -470 -66 -478 -313 -140 -476 -236 -73 -51 -12 -465 -418 -327 -21 275 62 -367 -150
311 -143 -313 301 -239 -164 -258 -321 -115 -268 -113 -10 -400 -339 -222 372 -264 494 -351 -34 -21
243 -439 -458 -141 -271 -381 -214 -306 -272 -217 -426 19 -476 -174 -494 -397 90 80 -342 -181 112 -423 -231 -425 -139 -409 -358 33 412 -394 288 326 -257 -49
291 272 -477 -199 -299 -473 -121 74 -179 409 -460 -449 -402 -494 -467 -29 -312 -321 -119 -451
89 -105 -475 -360 -243 -43 -491 -396 -239 -10 -137 -1 -457 -467 -355 -235 41 -492 -395
75 -211 251 -310 283 -440 -154 -203 -144 19 337 -5 -174 -32 14 -40 -77 -72 -20 -264 -25 -80 -465 151 -163 -133 -122 -241
404 -469 -142 41 -102 -234 -80 -172 -133 -68 -178 -488 -383 -174 123 -12 -324 -470 -169 -264 -452 -271 -8
229 -128 -17 -37 -385 360 -44 -305 -417 290 -403 411 -136 -337 -207 -330 -313 -14 -108 297 -374
173 -57 -119 -162 -227 -174 -224 138 -409 -346 274 -309 -233 -468 -377 -3 -15 -344 -1 -130 -250 -466 -398 -82 -147 -154 -84 -308
243 -368 -117 425 376 -378 -297 -275 -365 -129 -121 -217 -228 -435 -500 -397 349 -309 -366 -235 -387 -85 -103 -332 -214 -137 -320 252
401 -206 434 248 -155 -437 -377 -16 -72 -99 -123 139 -376 -154 -14 -390 -187 -11 -457 361 -114 -485 24 -352 -469 -396 -97 -330 -349 -75 410 61 -192
268 -55 -471 260 -59 -414 -92 -370 -243 70 -363 -239 366 396 -362 -31 -71 -232 -211
346 43 -211 302 -350 -251 221 -198 -77 -138 -44 -370 151 -92 -179 -496 167 -21 -224 -460
342 -182 -95 -56 -167 -323 102 -360 -287 129 -454 213 -470 -266 -138 -313 -199 -50 -258 -240 -491 89 191 -277
315 -434 -200 55 -70 -467 -383 -170 -457 419 -105 -126 124 -459 256 -449 -421 363
198 229 -61 -487 -285 -215 -323 -145 -131 -464 -362 -55 -120 -316 401 -453 -27 193 -220 -247 -54 500 -338 470 -74 -100 -299 -278 -327 118 -478 -76 -158 -246
158 -342 -218 71 -421 -223 -410 -282 -357 -309 -54 360 -225 -78 -400 -190 -427 -91 -89 -114 -383 -348 -43 -126
126 28 -225 -131 -346 -413 -448 434 -476 -241 -45 -484 -459 -431 -359 -274 103 224 352 -147 -209 351
97 -384 -438 400 46 -93 -346 258 111 200 -318 -368 229 -238 -35 418 -214 -275 -124 -66 -74 -445 -396 -261 -413 424 -217 -298 262 -276 -499
441 -141 -227 44 -352 71 -408 -62 -178 29 -203 134 -364 -434 -107 -379 -240 -450 -50 -48 -234 -125 -242 -331 -68 -212 -448
330 -362 -154 175 -377 -137 -413 -165 -127 375 -52 141 -256 -489 -92 399 -39 -453 -292 -103 245 -118 -48 -25 -227 -360 -379
171 -165 363 -123 -155 385 -106 -7 -356 -184 312 -429 -74 -129 -364 -8 -159 -138 -142 -328 -174 -197 316 -417
382 -295 -137 -465 -236 -192 146 -445 -294 -35 -369 -435 -209 -491 -462 -20 226 -14 -292 -479 -202 -10 -323 -116
417 -175 -22 -447 -75 -266 -143 -198 -123 -415 -419 308 429 -157 -229 -199 -371 -318 -208 -238 -88 -85 -280 -203 -368 -48 -325 -2 264 -425 -388 -285 -190 -288
53 -372 -140 -121 -438 -1 -165 -111 345 -337 23 358 -290 500 442 -375 -183 27 -301 -156 -371 -274 310 -223 -334 -98 -104 -71 -416 479
53 -194 -431 -115 -238 -123 426 -58 -320 283 339 -228 -156 260 -434 -193 -261 -129 -351 -19 -466 -487 -412 -242 -408 -257 -250 -419
132 -260 -231 391 52 -21 -416 -395 -126 -269 -387 -365 -201 495 -313 25 -493 -497 51 -233 -421 84 -133
95 -347 -471 -38 -30 -475 -174 164 469 -57 353 -372 -348 -78 -111 287 483 -35 -352 171 -132 87 -275 -18
213 260 -364 -221 -453 -470 212 -390 -353 -135 -299 -413 388 -476 -121 -472 -62 -20 -261 -367 -220 -290 -342 343 -442 -473 -190 -394 -460 -30 -197 -161 -452 -240
337 -10 -444 -432 -481 -250 -398 -55 -416 -263 -50 448 -347 421 -366 -224 -199 -187 -152 -128 -356 -442 -284 378 -348 -73 -167 -46 -327 -121 -192 -209 -166
63 -26 -284 27 -247 -87 7 337 -297 110 -45 -269 -155 -168 -84 -385 -173 -69 -455
23 -85 496 -217 -183 290 -258 -119 -242 -361 -64 -277 278 -235 132 -163 473 -141 -185 -378 381 -458 -12 -206 -192 -249
250 342 -150 -476 -328 208 -366 134 -113 73 -420 -273 -317 -453 -277 -422 -323 -109 -385 49 120 -181 -58 -43 -365 -338 429
127 -46 -113 -302 -136 -390 -231 -367 -131 236 -422 213 -331 416 -263 415 -486 -275 -301 -94 -179 -496 -232
308 -305 415 -189 176 72 -236 -360 -129 78 -240 -417 -457 244 -318 -356 320 -141 245 -354 -148 -135 -291 -182 -285
181 -342 -416 -116 -438 -39 434 8 -355 -201 -200 -373 -172 -374 -406 -323 449 339 -480 -35 -488
53 -136 -498 -385 -201 -49 -99 -29 -66 -370 -51 -224 345 -45 -437 -315 183 -92 329 -234 -80 -166 -488 123 -67
10 -430 -146 -38 -455 -89 -28 171 -74 -138 -348 -6 -283 -59 -304 -318 -183
469 -490 -306 -347 2 -231 -271 385 338 -455 -65 -413 -391 -179 -142 262 -300
212 -121 -303 83 59 -166 -414 -369 -354 -170 -476 -210 482 -247 -370 -106 -472 -108 -65 -196 -122 -33 -352
306 -374 -450 -472 -2 -24 -122 -337 -180 -385 -15 -9 -317 -416 -473 48 -483 -139 -382 -52 -435 256 -299 -437 -325 -445 -8 -173 -72 -149 -134
166 -130 -163 -393 444 -69 -470 -368 -131 -308 -224 313 -488 -467 -259 -147 209 384 -293 -286 -228 -336 -154 -349 -152
