31 -259 -274 77 -233 -217 -287 -467 -79 -69 -344 -397 -483 340 -284 -174 -360 -424 -67 -45 -28 -463
375 187 -116 -409 -153 -26 265 396 -418 260 -420 -240 -74 -295 55 497 -174 -194 -447 -499 -353 -435 293 -482
234 -388 -188 -169 -204 -413 -370 -258 -458 87 225 -149 -450 233 -467 -113 -76 292 -104
184 44 -57 -313 -429 -76 -15 -67 -442 -454 -247 171 204 -329 -301 -168 -200 -356 -185 -145 -30
103 -246 -324 -73 -360 -245 210 -232 -295 -198 -361 -315 -464 -260 -395 -26 -37 -407 182 221
496 -54 -168 -229 73 -272 325 -58 -346 -148 150 -417 266 71 -125 -386 -402 239 -440 -324 -292 -21 -135 -131 -380 -409 196
369 -158 -76 -344 -172 -361 -119 -40 62 -34 -445 -323 263 28 -251 -316 436 -295 156 -346 -218 66 -2 -359 -489 304 -480
375 -494 -442 -402 -413 -138 19 136 15 31 480 156 -196 -327 378 -451 -143 465 -229 -330 -185 499 -409 175 271 -27 -105 -248 -215 337
312 59 -233 -452 456 -139 -306 -145 -6 -345 -320 -322 -361 -92 -27 394 -241 -19 -130 -499 -457 -198 -265 -370 39 231 -175 396 -353 -291 -95 -7 444 16 451
350 -352 -311 -395 -190 -481 -47 -496 -185 -226 -144 -381 383 259 -242 -488 -460 131 414 -176 -380 -463 -443 -328 -36 -217 -149
53 -116 -37 410 -316 -30 -46 -101 -27 -279 -419 -221 -372 -50 358 -331 -451 -373 469 -255 -97 -171 -138 -25 -56
465 -203 -369 -314 -195 -333 -48 -386 84 -139 -296 -382 -435 490 -364 -351 -13 -305 -225 -251 -459 -358 396 -259 -426 -285 -36 -324
287 -213 -214 -80 -383 -11 -398 -49 -45 -252 -159 -448 -378 59 -458 -238
78 -386 67 -324 -439 -166 -250 226 -97 -374 299 -220 -466 -150 -393 -232 -279 62 -406 -481 -370 266 -355 -469 -464 -123 -156
361 -150 406 -259 -71 -191 -67 338 268 -226 123 442 -337 -174 -127 153 -371 -172 -499 -8 -16 -120 -467 -247 -347 -2 -101 225 -96 80 -439 190
123 -83 -353 -218 -250 -76 -96 -436 -185 -410 -174 -216 279 -236 -182 -29 -84 469 -47 -323 -324 -119 -104 -115 -424
39 -106 -102 466 255 -320 -104 -168 14 -403 -129 -376 -361 -314 -179 -30 -68 -454 -2 -114 338 160 -167 -122 -155 -345 416 -208 -153 -205 -406 -283
326 404 -400 -202 -129 357 -265 224 -394 -156 -399 486 -177 -28 95 -378 -359 -387 -204 113 -425 437 -229 -307
313 -7 -46 -254 112 -79 -164 -61 50 -461 -464 -365 337 -484 -336 -401 324 -404 -283 -446 -289 -86 147 -32 -151 -223 364 344 -407
487 -251 -51 -464 381 -263 -93 -310 -335 -411 -109 -238 -354 316 -374 -105 -340 -344 -26 -320 -248 -481 -68 -167 -46 -242 -406 -116 -380
1 -206 -106 -471 -154 169 -194 -150 -324 -112 485 -138 -64 -306 -449 -146 107 -459 17 144 -385 -190 -330 -460
41 197 -284 -236 -435 -244 -292 97 66 -363 -189 -54 482 -396 -320 -11 -340 -444 42 -94 221 -312 451
230 -273 93 -305 -140 -329 -23 -155 371 -483 90 -327 -261 -92 -357 -180 -65 -423 -411 -142 -490 -10 -361 -456 -3 -316 -176 -2 -318
212 469 -20 -50 -96 -249 298 -416 -165 -39 -268 64 379 -499 -54 -183 -110 -29 -375 -275 -341 -2
213 -21 -485 -436 -425 -160 -276 -384 -235 203 -265 -119 -41 -394 358 -464 180 -479 -247 -333 -299 -82 -418 -403 -62 -388 84 -385
405 328 -383 -276 -131 -235 -456 -320 289 402 333 -263 -259 -30 -355 -430 -489 -1 409 -46 -391 73 -249 -185 -45 115 -362 -22 -425
58 257 36 -443 -357 -355 -474 -85 -197 -426 -64 -99 -408 25 414 -103 -320 -19 -489 -420 -156 364 -157 -483 -273 -430 -272 -249
496 228 -42 148 -476 -316 -199 -371 -126 -125 -289 -27 177 -204 -441 47 -356 -309 -415 -401
208 320 -273 76 -98 -48 99 -449 -192 -402 -478 -59 -165 -406 -292 -327 -152 -251 63 363 -272 -271 -90 462 -64 -114 -495 -193 -195 -298 -75
377 281 -438 -106 -357 -487 -169 -163 25 -486 302 285 -86 -44 109 -96
355 -333 -14 -412 -288 -299 -282 -319 -91 -36 -338 -55 -70 -4 -454 -419 -216 -67 -142 -144 312 -94 -51 278 -316 -130 -470 -104 -410 -177 -212
278 90 -312 -85 464 -158 -30 258 -366 -338 391 -433 -294 -111 -419 435 -276 -427 27 -138 -340 -213 -377 -447 -157 -346 225 -285 248 -168 -303 -287
171 -261 -387 -306 -21 -98 -150 -211 -498 142 -52 -229 -90 -151 461 -431 -316 -299 -207
253 -197 -207 82 -460 -271 -30 -227 -443 -326 -333 203 -169 -180 -104 -278 422 -440 -188 -288 -318 436 195 34 -56 -441 -302 -198 -418 -224 -58 -191 317 -409 -414 -427 -229 -444
311 -116 -486 -316 -425 -396 -372 247 -306 -494 -29 -171 -212 68 -195 -365 167 481 310 327 -477 -251
220 -309 191 -186 -185 -233 334 -155 -409 -262 -126 -381 -216 -136 -90 -235 -74 -375 -224 -69 -206 121
451 -374 -17 416 -175 -53 -201 -409 -395 449 -2 -210 -208 -7 223 -295 -348 159 396 -433 -43 -422 -381 -106 -251 16 -75 -336 -158 -446 -466 -220 -360 -204 124 -30
294 -430 -390 -195 -81 139 -382 -399 -254 -55 -123 -306 -486 -496 -281 346 -384 -8 -376
28 -8 324 -414 -236 -18 -125 366 -345 -348 139 361 120 -56 -238 -309 -424 -277 186 380 -185 -58 -213 -427 -199 -102 -494 -353 -479 -290 -107 -79 -4 -34 -157
17 -135 -271 -464 -184 -24 96 78 -38 -186 -297 -129 -377 -296 -207 402 -428 324 -204 322 358 -456 -299 -180 -81 326 -243 -282 434
225 -312 -380 -256 328 -362 -451 -341 -266 -234 -30 -24 375 463 -302 -415 171 -445 -392 -465 -179 320 -183 -278 -209 -122
20 -227 -319 -10 -271 -320 78 -327 -97 -414 33 -108 300 88 -114 41 -448 15 -161 -416 381 -35
475 -325 -96 -30 491 -71 463 -145 -399 -236 -471 -169 -36 -5 -206 -31 -266 121 -401 -144 -1 -11
136 -380 -111 -349 -38 79 471 306 164 -257 285 -182 -402 16 -92 -345 -139 -231 -279 -276 -478 368 -466 304 -398 31 -138
226 -308 -175 -196 -354 -489 -9 126 387 -276 -300 -457 -273 -6 -495 -136 390 -13 -78 -16 -476 -414 -216 -225
328 -450 -458 -492 -70 -86 -204 -322 -238 -134 246 -488 414 -256 -258 248 -268 -149 374 -1 -97 -477
151 283 421 -22 447 -98 -356 -97 63 -160 -244 46 430 -75 86 -431 -55 -269 -168 249 -282 -199 -61 -435 -428
479 -270 140 347 50 -374 499 -176 -389 448 -412 -97 -224 -433 -207 -77 -110 -478 -349 162 -313 -62 -421 246 -91 -482 -376 294 -213 306 -18 -56
162 -72 -461 -274 61 -317 -158 -100 -316 -495 -15 331 -27 -143 -321 -272 -491 -58 -270 -148 -33 -308 324 -157 -429 129 -395 -131
439 -149 -263 -368 -453 -8 -268 -221 -405 -176 -488 -288 -190 -141 -410 472 -478 -214 -341 -123 -1 -204
459 -457 495 -445 -347 -55 -146 -333 -102 -343 -453 -218 -426 -371 -369 -296 182 -115 -485 -147 -36 -397
16 -160 -415 -277 -222 72 -499 281 -111 485 -103 -410 284 -355 -84 -210 335 -430 -90 -178 -183 -220 98 -479 432 -351 -305 -185 -116 269
151 -122 -360 11 -29 -164 339 375 -177 84 457 -495 -229 -483 -484 33 -138 -415 -311 -36 31
251 -27 -237 -411 -180 -178 -36 -4 -360 -71 -79 -374 353 -338 -98 -319 -252 269 -264 -377 -144 -416 -101 -68 -474 -323 -194 -475 458 -440 -23 125
188 -175 -473 -418 -451 -258 445 -470 -314 -474 -142 -165 -385 366 -488 -224 -423 -223 -71 -200 339 453
315 -341 247 -454 -291 -367 -108 422 -180 -472 200 167 256 306 -274 -126 227 184 -161 -276 -51 -298 349 159 -191 -123 -395
30 -107 -328 -254 370 -103 -457 -306 -308 -242 226 -231 33 -467 -138 -486 -353 -415 24 -377 -443 124
377 -370 -284 315 -199 -491 57 -41 -115 -365 -96 -418 -130 -185 -138 161 -321 179 -299 -121 -401 -414 -484 -368 -171
284 -157 -317 -498 -42 -333 -470 -417 -355 -496 -139 -57 -29 -18 -54 -118 -346 -325 -257
417 -181 -180 -170 -123 -366 -331 -423 437 -418 -206 -103 -298 -307 -231 -321 -262 -29 388 -128 -106 -23
105 -285 -428 -32 -379 -321 -275 117 -469 -46 -3 -431 -220 -266 238 -409 -474 73 72 -128 378 -34 -94 -323
158 -187 -154 -478 -69 -165 -308 -382 -188 -167 -459 -26 -400 -487 -1 279 -112 448 -415 -63 -50 -268 -147 -162 125 -412 -5
339 -228 -177 -55 -323 -180 -135 -129 -50 -94 -169 458 -2 -318 -365 -178 -283 -287 -44 -376 119 61 -152 -240 -429 -215 -292 -209 -489 -459 -232 134 -379
401 -268 -363 -451 -270 -328 -116 -351 -6 225 -370 -137 138 144 -334 426 490 340 -255
498 -104 -138 203 31 -159 -29 -287 -85 -77 -192 -317 113 -456 -385 497 -271 -367 -243 347 -76 401 -279 -213 -273
416 -333 -375 40 -93 287 -183 -399 -119 -432 -221 -5 -237 -477 398 -37 -408 -302 -338 96 173 -121 -136 -459 -197 -116 -495 -171 -330 -78 -410 -266 -335 -290 -270 294 -242
273 -495 -50 -57 -67 -78 -217 -418 -23 -3 -167 -58 -173 -343 -240 -34 -327 -392 89 -138 -170 -355 -166 18 87 -367 -174
353 290 110 -114 -212 364 342 279 -420 -149 177 -478 -135 -251 -465 13 -269 -93 -221 -119 -457 97 -252
439 442 -197 -438 -500 -355 -350 -181 -301 -183 -394 -379 -489 -35 -364 -81 -410 -421 36 98 -342 -337 -445 3 118 -329 -418 -440 68
373 -158 -395 -101 -126 -438 -341 -78 240 -115 -350 157 -473 -424 -29 -87 -470 40 -420 -457 -268 255 -1 445 -247 -371
483 -437 -121 -360 -189 -232 372 -124 470 -76 478 -105 -162 -432 -312 -361 -276 367 -357 -149 278 -350 330 -216 213 -435 -475 -64
167 -288 240 -469 -493 252 -121 -351 -290 -83 -185 -424 464 -227 -168 -499 -304 -64 -407 -214 -197 -364 -194 -22 -265 -327 -160 -145 -378 -369
411 -344 459 -158 -491 -211 -304 -229 -328 488 -178 -113 -49 -367 -107 -3 -163 -286 -93 -295 -376 -270 -55 -76
65 -13 -41 -379 -462 -424 -477 -367 -252 -457 -84 -474 438 -410 -275 91 -38 -194 -99 -397 -450 -58 -140 -480 -117 -496
60 -67 -457 172 -157 -326 -50 428 -187 -166 469 -464 -364 -363 -482 -215 -254 335 -294 -281 -145 -334 -268 -257 -162 -451 -11
244 -358 -99 -310 73 172 -381 -48 -71 -474 -165 -236 382 -338 -344 -206 -22 -409
397 168 -115 -57 -39 -110 444 -324 -290 -471 -144 -442 -139 -295 12 -241 15 -25 -175 -194 -192 -464 -4 -47 195 282
114 -260 -437 486 -238 -102 -433 250 -131 -475 -185 -404 -276 -493 -335 -292 429 -228
53 -240 -1 -301 -396 -129 -123 -409 -296 -387 303 -135 -291 -16 -179 -261 -163 369
134 -114 -461 -63 -106 -21 -48 -62 -333 -279 -465 -415 171 -432 -464 -36 -104 -147 -49 -278 -274 117 -495 -215 -223 -444 -136 -454 -127 -388 190 -203 -264
354 -377 -430 -57 -439 -71 269 -119 -199 -126 342 -144 -335 -442 -278 -75 -457 -346 -220
128 -50 -289 -262 258 -53 -420 -357 -315 -401 -160 -368 -173 -273 103 -233 -126 -101 -41 -48 -445 -236 -280 -429 -208 -467 14 -1 -329 -83 -259
436 -498 198 -119 -304 -203 -248 -204 -339 -236 451 -52 399 -187 -237 -24 -272 -15 -83 -450 -352 -116
330 -338 -431 -227 -264 -453 -167 19 -322 169 -203 -139 -45 -95 -115 -485 81 -43 -53 -447 -332 -130 257 -467 -94 145 161 489 -412 118
482 -86 -329 -27 490 -345 -131 -31 -284 -256 195 -124 -235 -390 -141 -142 -155 -309 360 -367 -426 -379 -166 468 363 -266
159 371 -177 -311 -404 -413 396 -131 -114 -217 -29 -218 445 270 -161 -48 -154 -370 -216 348 -356 -303
215 -385 -59 -313 -103 -57 252 -126 -213 -253 -217 -306 -72 -194 -452 -291 -292 -146 -60 -240 -11 -233 -3 -144 -486 -489 -169
337 -90 164 38 30 -141 229 70 185 -156 -437 -398 315 -305 -81 -228 -145 288 -79 -278 -308 -44 -482
316 -434 -158 -170 -379 -472 -104 -98 -440 -265 -496 -452 -171 -354 296 -364 -350 -112 -266 186 -257 -475 -463 -181 -414 -86 -277 -233 -185 312 -262
93 -366 -233 -347 -283 -209 -461 -198 -398 -180 -433 -320 -103 -306 -134 -294 -318 -12 -375 -115 113 -273 -449 456 -244 -413 -83
258 -201 -371 204 182 -221 -423 -251 174 -275 -156 -427 376 -417 -327 -359 -49 -184 -325 -192 252 -357 -416 -475 -9 -304
28 -369 -48 -448 -349 -200 -217 -479 -137 -470 -347 233 -495 -277 -291 97 -430 138 140 -451 -167 -429 -402 198 -471 -279 -406 -84 -7 -324 -435 -398 -254 -428 -322
357 -210 -106 -250 -107 439 223 -285 -30 -340 -407 -477 -132 -217 -81 258 -57 -349 -347 -168 -103 6 -177 -265 -454
97 441 407 -27 -404 -35 15 -222 -129 -392 -177 -372 -130 -426 2 -24 -152 -396 161 -31 -492 203 -96 -242 -286 -20 435 -137 -413 -33
453 -268 -34 -399 -21 -356 -17 -51 -348 251 -140 -207 -227 -354 -205 -472 123 18 -281 -486 -112 -259 -213 -22 -376 -308 -422 -49 -55 433
431 -163 -325 -443 70 -221 -54 -66 306 -450 -94 -387 -33 340 -445 -230 -433 -92 -260 -132 -255 -244 406 -380 -241 -295 -234
231 -458 -389 -344 72 -469 -123 -450 -448 -436 -319 -177 -160 -343 477 -71 -439 52 452 428
217 -214 190 3 -163 378 -483 331 434 -113 -358 -337 401 -146
495 -371 -469 -419 -322 -263 -360 -295 324 260 -367 -347 -157 -308 -454 55 -192 -335 -358 -83 -118 20 -61 -368 -159 -318 -458
363 -474 -99 -311 -430 415 -435 -278 140 -192 14 -314 -323 -401 -427 -233 -194 -287 -116 -417 -337 459 52 -378 -120 -61 -28 -81 -259 -50
65 -294 -55 -233 -33 -317 -321 246 448 -103 -362 303 370 -253 -51 -315 358 -323 -269 -201
402 168 472 -252 -54 32 -210 465 206 -42 -255 -351 22 422 -50 -307 -401 -96 -453 17 -411 -116 -211 -146 215 -165
200 -429 -92 -125 -479 -406 -174 -449 -341 -132 476 -227 -77 -231 -3 343 -468 97 -334 -160 -457 -315 127 -403 -377
350 412 -406 -148 -483 -170 217 -26 -19 56 -414 -112 -345 -403 -271 -196 82 -287 -299 -33 70 -367 -387
243 -147 -473 -218 -447 -76 -276 -335 -20 -434 -153 -133 -341 -391 -359 -99 -12 3 -463 -412 -178 -430
50 -143 221 -122 -167 -456 381 -274 -296 480 -318 -498 -427 425 -421 -175 -85 89 -39 -377 -33 131 -136 -257 -245 -359
422 -456 -146 -359 -378 388 -195 -82 -478 -250 -132 -124 -257 -369 -331 -95 -126 -182 271 -96 273 -161
135 -87 -100 -418 -114 -143 -417 -397 -369 -273 -292 -466 -498 -217 -270 203 -51 -34 394 5 -9 -435 -95 153 -233 -218 117 -22 -416
201 -102 -126 -411 -142 236 -368 -16 -199 -65 -377 -289 -217 -429 -14 -98 -491 -417 -319
91 -138 -245 -283 -28 -411 -278 -37 -336 -202 145 -305 489 -438 -155 -61 -72 -449 -270 -223
171 -204 -338 -437 -125 -443 456 -264 -199 -483 -453 -477 -375 -486 -197 -167 223 -261 -424
257 -19 -259 -245 -446 -420 -58 -167 -150 -23 217 412 -318 -363 -342 -99 -186 -348 -95 -152 -461 135 -265 -346 1 -301
159 -82 321 -460 -492 -152 -6 -21 -303 -35 27 -337 -72 -310 -108 -429 -128 -286 -263 -364 -20 -347 -334 -124 -94 -491
385 301 -382 -215 -49 443 469 -312 -322 -143 -475 302 -384 317 -286 -373 -326 156 -304 -203 -229
109 -294 -325 -256 -65 306 -484 -460 -167 -179 -280 -416 -383 -203 332 -300 -248
64 -198 -494 -371 -394 -142 -105 -226 -242 -341 -124 -182 -103 -55 -268 -190 -456 224 -106 -481 -38 -452 -85 -403 -363 -302
424 -245 -232 -468 93 -236 -17 -353 -106
479 -104 -10 -387 -223 -128 -191 -92 -212 -373 -389 -57 -27 -439 51 -255 -134 -442 -64 -169 -190 -165 -11 -159 -296 -217 -83 -275 -229 -96 -335 -307 474 -431
220 -345 -292 96 -462 -183 -113 -238 -467 441 421 -49 -229 -438 109 27 -157 153 -398 -442 -111 -50 -490 -30 393
328 491 258 -225 -188 -84 -57 288 -305 -79 -278 -236 243 17 474 316 -174 -292 -139 -346 -143 -181 -39 -367
334 -219 -483 -351 -281 -292 10 -208 -213 -25 230 -45 -41 -71 -358 -488 498 -462 -222 -252 37 -146 -104 -33 -83 -47 -185 487 -330 -67 -468 -420
76 -156 -34 498 -447 182 -385 -420 -351 -499 -61 -297 432 -33 -240 -237 -200 242 -374 3 12 -347 36 -223 -344 -80 -150 17 -293 -142 464 -111 -388
243 -217 -495 -116 -375 480 -245 -300 227 -465 -368 -158 -405 -325 -135 -118 -176 -456 -406 -482 469 6 -358 -415 -129 -281 -484 240 -371
4 -346 -459 -245 -436 -21 -44 -473 404 -144 -140 -455 -477 -47 456 241 347 411 -98 -300 -160
278 -286 -177 -53 132 -147 -270 232 -131 -422 376 -73 -35 -52 -54 478 -419 -214 -219 70 175 -284 104 -417 -169 -348 -406 -359
143 -449 -485 313 475 -131 -212 -137 -151 -473 -154 -146 -113 116 -354 266 37 -476 -293 -259 -188 -127
176 -227 -339 -393 251 354 -289 -181 -91 -322 -300 150 -401 420 -287 -457 -290 -492 270 -452 -138 14 185 -412 -403 -429 479 -264 -215 -94
266 -430 360 457 -317 -405 -407 -100 239 49 14 -18 -188 -341 120 -361 -466 -19 -175 -312 -52 -488 -304 -254 -283 -38 -450 -289
141 -130 -456 -472 -225 -334 -468 -450 -480 -399 -156 -484 -235 -322 -118 -435 -143 -240 -447 -323 350 -287 -354 -321 -493 -93 436 356 -277 -415
136 -500 -73 176 -85 294 -318 -38 -390 -246 -195 -334 -401 -301 -124 -372 -96 -35 -127 -467 -408 243 -134 -422
139 -275 492 348 -336 441 -375 -388 -191 476 -437 -143 -446 -474 -261 -35 -500 -408 10 -372 -112 354
218 -329 -198 332 -321 -490 -85 -135 -449 -286 -227 -414 197 177 -145 -486 -213 -88 -400 -251 -287 -61 -264 -393 -246 -199 -31 -485 -15
485 -146 1 -294 -175 -407 -365 -402 -464 -201 33 -2 465 -442 70 -74 239 317 -5 -36 -320 -213 -258 -368 -82 -249 -137
18 -418 -223 -60 -56 491 -318 -297 -4 -328 -198 -369 -186 -120 -247 -52 -248 87 342 -308 -335 -127 -275 -193 -499 478 -86 -124 -169 -175 -245
487 -50 70 -279 -139 -45 176 -238 -328 -399 -7 65 73 92 -134 -293 1 -301 -90 -493 -44 -427 179
377 -40 -111 -363 -125 -466 -189 -429 -130 238 -337 -492 -13 -9 -365 -427 202 -100 -393 -495 362 -194 -181 -356 217 -204
60 41 -229 133 -443 -45 -88 -314 -22 -463 14 8 -80 39 -125 -435 -481 -479 -425 122 -101 -38 -441 141 -247 -468
294 -235 -67 -399 -472 -34 -154 386 287 -467 -217 424 -480 -62 -471 -394 120 442 269 -357 -496 -411 -2 -310 -66 -118 -264 -398 -365 373 -255 -162
32 -249 -140 -127 213 -149 317 -410 -12 -214 -469 -353 -18 -102 -368 499 -167 -366 -77 -262 -63 -362 -290 -166 -461 -153 -2
483 24 -8 -238 -406 -60 145 -209 -331 -446 -378 338 -181 -273 -97 -46 -304 157 -250 84 62 -161 -107 -459 391 256 -154 -275 -216 -189 109 -363 -302 222 281
192 -54 -280 -293 479 -419 -493 -405 -478 -316 -382 -105 -187 -291 -113 -251 -337 -41 -392 -37 -461 490 -68 -354 -369 -57 -170 -193
178 -223 -440 -497 267 -139 -171 -316 325 -347 -422 -378 -181 -480 411 -360 -168 -201 -380 -465 -91
252 331 377 -131 -40 -482 -283 -413 89 -80 -303 -93 344 -199 -460 395 245 323 -183 -236 -51 427 -235 -198 -13 264
285 18 -403 -191 -257 -372 -244 395 -281 -304 -137 -384 -87 -316 175 -270 405 -96 -54 32 187 -135 -315 464 -245
474 -432 -89 -232 -362 434 -302 -177 -57 -330 -206 -399 -1 -186 -327 -56 403 25 -143
52 -87 -202 -481 -496 -47 -41 -400 -456 -206 -190 -281 -151 269 376 -275 -441 -210 -112 -152
365 -423 -439 -410 -458 -351 -444 -372 -388 476 -467 -53 316 -232 36 -500 -350 -443 -153 -190
3 -317 -493 -176 -155 -222 339 212 -307 -301 -159 -71 72 -135 191 -12 -404 -102 -109 -432 -360 -386 -399 -340
250 -416 -172 -249 -11 -446 440 -499 -303 -255 -360 -424 352 330 -392 -450 -191 -355 -157 -311 -264 -96 -78 -273 -427
71 -399 -328 -189 -23 -176 491 -459 12 -303 224 -125 -137 -320 -405 -315 -372 -440 -334 -209 -190
223 -313 -336 -183 -374 -437 -464 -333 -7 -300 271 402 -322 -269 -119 -138 121 -471 -30 -448 -447 -136 -98 341
37 -129 -488 -263 -241 -247 -105 340 -23 -381 -103 -500 -16 361 -342 -168 375 -163 250 215 -39 -41 -45
352 202 -163 -50 223 53 -124 -101 -45 -366 -198 -420 -238 -57 -64 451 -153
122 -100 -83 -416 -52 -297 -436 -143 464 -68 -358 125 191 -301 -253 -467 -5 -500 -289 -454 -81 -231 -75 -105 -364 -87 479 207 -363 -469 -379 204
192 -223 -355 -371 -30 -480 -120 -208 -188 -489 -264 -449 -219 -275 -196 -316 7 157 -386 -406 -348 132 274 -421 -249 -469 -28 -128 -77 -306
417 -315 -260 -256 -159 -350 -126 -304 -297 141 -397 -447 -230 -431 -434 -484 -255 -483 12 -45 -208 -440 -31
27 -16 -290 -281 -172 -42 -52 -280 339 -39 -456 -32 -9 58 -449 -183 -293 394 -350 -278 -204 -482 -361 -387 174 111 -441
138 415 -367 -342 -474 -63 228 335 76 -301 -249 182 -300 -374 -348 -89 113 -321 -126 -177 -475 -213 -242 -192 -125 -155
231 -282 -208 165 -480 -311 -129 -346 -186 -88 -39 -323 -354 -23 -78 160 -115 -219
85 -221 -386 -333 -312 -239 -171 -252 -279 238 -436 -195 186 -37 6 -454 211 -115 -445 -204 -372 -190 -54 -316 -92 -87 -361 -229
195 -197 -81 -204 -487 -130 288 -278 -207 -379 -89 269 -129 -62 -332 325 -361 -311 -135
143 -278 245 425 -242 -212 232 -250 174 274 -167 -119 -419 -326 -228 -141 -151 -22 -324 -346 108 -207 -248 -109 -467 -83 -31 -186
490 348 -207 -112 -36 -423 -217 -500 -389 -252 -380 -379 -426 -265 -170 433 -452 -378 -163 -364 -309 -330 464 -362 -235 -27
181 -394 -195 -426 -429 -268 -110 -159 -5 -202 -167 -209 -133 -253 -160 -486 -392 -257 -332 -76 -144 -460 -106 -151 -104 -120
86 -246 261 -479 -448 -260 -451 -409 -218 -440 -171 107 -449 -132 -480 -174 56 -423 -439 -352 -2 -167 -483 -41
271 -184 327 -203 -495 -160 -363 -212 439 -346 -500 -45 -46 -498 -87 379 -157 105 270 -233 -244 -384 -127 -488
209 -174 -472 -43 -217 -24 -80 -64 -305 -173 -51 -202 -471 488 -120 -25 -302 -137 -186 -338 -373
489 -244 -47 -414 -258 -220 -246 250 -10 59 -78 -29 -426 -58 -222 -158 -261 -200 -5
21 -301 435 -433 -70 -465 -57 -69 -212 47 -378 -81 -55 -195 -251 -216 -432 178
181 -178 -54 258 -450 -441 -68 -335 498 -288 -473 -420 -96 256 -371 396 87 -165 -397 -88 -86 426 -395
135 -426 480 -363 -445 254 -255 -237 381 163 -486 -68 -293 -496 226 -315 -267 -292 -53 -383 -173 -205 -23
494 -465 -269 -53 -244 -55 -33 -332 -314 -45 -280 -286 -51 -403 -248 210 268
96 2 -446 149 -353 499 -369 -167 -395 -489 236 -18 -467 -47 -59 -102 -232 -72 -221 -306 -178 -247 -378 -209
465 -170 -18 -25 -78 461 -259 -400 -415 -273 -195 -372 386 296 410 -480 -91 -467 60 -356 -486 54 -5 -200 -451 -169 -464
482 -321 -414 -347 -441 -479 -289 -268 -239 -57 -213 -71 -263 -174 -51 -9 -14 95 -403 -251 -42 -354 -309 -17
295 -142 -380 -81 -33 -430 -185 -158 -393 -304 -47 -427 -194 -303 -6 384 -179 -116 493
438 -308 -367 -165 -339 -67 426 -208 -297 -333 325 -122 255 -266 -166 -66 52 -442 -452 -453 -189 -34 -201 -238 144 -284 -246 -394 272 -175 28
351 -340 -280 -298 -297 -264 -53 365 -368 -276 -372 -412 -261 -14 -19 389 -265 -34 -319 -478 -147 59 -465 -179 -407
100 -224 -249 -368 -196 290 -372 -360 -103 -208 492 -497 -20 166 -471 -318 -211 -367 -421 -193 -307 -205 180 209 -462 -383 -40 -113 -57 -214 -154
457 -375 325 -152 -171 -143 -348 -296 442 426 -158 -141 347 -421 -245 -145 -499 95 125 -1 -227 -268 -258
237 -236 -130 -26 -317 -172 -494 332 -152 -148 -20 -253 -360 -61 -392 -247 -66 -409 38 -4 -286 -491 -255 -189 -200 -216 -461 393 -389 -67 -118
61 -260 -117 -425 -17 -398 -167 -472 -307 -34 -400 -4 -212 382 -136 -218 -295 222 298 -192 -493 -130
249 35 -289 -178 224 -483 -40 496 -490 -115 -495 -81 -72 -329 -405 -363 -121
315 -379 -131 299 -362 -449 -383 -410 -426 -262 -366 -330 -251 -265 -409 -450 -480 -219 -193 -52 165 -273 326 -247 -244 -350 -255 206 -14 441 -268 -454
184 141 -307 -396 112 248 -2 327 -200 -367 -275 -419 349 -294 -55 -14 -137 -254 -293 -490 -443 -117 -380 -128 -438 130 -108 -185 -415
340 -70 183 401 -155 -36 -247 286 -306 -90 -92 -355 380 -394 -57 -224 -374 -192 -209 -318 -376 -337
458 108 -278 -443 -191 -271 -103 303 -488 -292 -93 -469 -96 -314 -30 20 288 -222 -399 -197 -212 -97 390 274
76 -331 -418 -161 -137 -381 -238 85 -222 -163 -437 -414 -21 -229 187 -111 159 -158 -407 -456 -160 446
414 -140 411 -247 -123 -18 149 -132 -172 -371 160 -94 424 -200 -11 -122 305 -290 129 -286 26 -429 174 493 84 -208 -337 -217 -178
119 -372 24 -487 -482 115 16 -186 -266 -247 -475 -342 -314 -240 -326 -146 -173 -5 329 -299 -120 344 -269 262 -280 402 152 -74 -432 -70 418
349 -272 -201 414 -472 -136 154 -65 -216 -458 104 -206 -132 -205 -314 383 -451 108 -283 -94 -219 -438 -30 -245
164 -247 -329 -316 -488 -347 -339 -469 -362 -241 -441 251 360 -481 191 -275 -338 -302 -490 -22 -249 -364 -111 -430 -414
420 -254 -404 -409 324 -128 -261 -366 -20 -115 -82 -419 -277 -93 -384 100 -348 423 96 -129 -474 484 -407
133 -390 -197 -43 -22 -315 -484 -258 165 312 -259 -358 399 -140 -401 -34 -84 -185 -48 231 -117 -59 -429 -119 -394 242 -353
428 320 -270 -316 -96 -95 -16 -266 -22 157 -184 -290 -398 -160 -62 -291 -46 -44
251 -445 -1 -361 -238 137 -38 -429 -142 -8 -278 -68 -30 -273 -172 -55 -16 -439 -186 -498
186 -487 -52 -292 -16 -20 -115 -263 -51 -266 -226 -182 -289 -480 -116 -121 -297 -211 -85 -310 -171
471 -174 -162 -391 425 317 206 474 -150 -65 -41 -260 -303 242 -222 -50 -143 -290 -107 -19 -10 -482
161 -306 -457 -197 369 -105 -437 -472 462 239 -53 -51 -102 -426 -135 -145 -201 195 488 -192 -425 -173 322 -447 -313 -69 -429 -320 -482 -435 -8 222 350 -136 -398 52 -363 446
340 52 356 217 -55 -473 -149 -40 9 457 -342 -248 -124 -370 -77 119 -243 327 -494 -396 -477 -7 -144 27 -202 -371 -223 -274 -173
495 -242 -343 -349 -27 348 391 -262 -177 -422 63 -494 -445 -485 106 -91 -33 -78 -87 257 -329
346 41 -380 -93 101 95 -7 -400 -71 -207 -82 86 -481 -236 -184 188
437 -115 -5 -200 -344 -180 -166 -464 23 -291 -478 -423 -384 -336 -434 -22 -279 -241 -343 -81 -165 -482 -102 -349 41
376 -428 -143 -279 -302 429 -55 -418 -98 188 -34 -260 -17 -387 -369 250 -383 -85 -372 -350 -355 -373 -51 -408
87 -276 -193 -242 -278 -279 58 168 -423 377 -208 379 154 145 -453 -19 -33
270 -279 -490 -48 -406 -325 -446 -355 -337 -311 93 -17 -362 -215 -59 -291 439 -314 134 386 49 -35 -469 -130 -388 103 -29
346 12 -212 -244 116 70 -108 435 -406 -68 -61 -252 -87 -184 224 -466 185 -128 114 -171 -138 -23 -249 232 115 -73 -457 -102
436 -146 -339 -69 357 -202 -239 -195 -204 -264 -385 -342 -491 411 -168 252 -315 -318 -482 -47 -107
205 476 -85 -130 -135 -86 -414 451 -368 -488 -6 -367 -242 -124 -325 -237 -405 -187 -53 50 481 -282 -334 -381 -500 -159 -117 429 -22 -104 169 -279 -100 -358
24 -116 -246 -57 -212 -184 -42 -153 498 -329 -312 -43 -319 -316 -413 146 -382
236 323 -379 69 -74 -118 -51 -228 -367 -155 -34 -470 -364 -464 78 -287 -349 87 -177 -114 239 -423 -432 -171 205 471
83 -142 441 322 183 -268 -498 -487 -84 -76 -319 -417 -12 -90 -19 -436 -208 -184 -94 -161 197 -36 -43 -180 432 -140 478
133 -289 322 -34 -208 -174 313 -43 -392 -328 -18 -487 -354 -472 331 -95 -176 -492 220 69 -87 -219 -171 -267 -351 -54
98 247 -179 -239 -220 -477 -201 -368 120 -440 -468 -75 -38 -387 -226 -444 180 -259 -450 -95 -461
277 359 -299 -240 244 -78 -68 -146 -109 22 -63 270 214 -160 -444 -344 -474 -157 206 412 -416 -342 15 -46 -354
174 -270 -349 -1 -417 -273 158 -271 -151 -399 -20 -307 -263 82 -431 -390 -309 -54 -295 262 -426 103 -48 -338 -88 -422 -51 111
384 -235 -227 429 -251 -11 -83 -177 -284 -257 201 87 468 70 -224 -490 -323 -461 -203 -151 -307 -477 418 -334 -424 -101 -215 -133
135 -361 -215 91 -17 -298 -18 -80 359 224 -269 -167 -393 -378 -391 -151 -66 -308 233 -449 -475
311 -100 -264 451 -299 -45 -7 -138 -239 143 -415 284 -318 -129 179 21 -298 -77 -128 -265 -1 -282 -326 340 -413 -131
242 330 -356 -214 -262 -54 -294 -404 -229 -158 -360 -131 -271 -15 -474 -487 -277 333
439 -413 -355 -156 308 206 -164 436 -282 -172 157 -162 -372 -176 -398 320 68 -487 -119 -359 -165 341 -208 -344 -247 -381 -458 -71 -316 291 -135 -232 -180 -349 -155 471
428 -351 -395 -44 -305 47 -3 -18 -102 -125 239 -229 248 -103 -163 383 -377 -442 129 413 405 -460 -177
202 -109 -456 -232 -110 -420 483 -356 -451 -111 -442 -475 55 378 -21 -71 -269 -402 -388 352 -171
163 395 495 -476 -263 93 -8 -217 -66 17 -240 -467 -456 -143 471 352 -272 -488 -141 -44 -500 -320 -237 -432 341 114 -72
140 -40 -39 -327 259 -50 -291 -439 -442 184 375 315 -290 -176 131 -297 -193 438 48 268 -476 -23 138 -475 168 -338 -392 -213
316 -275 -64 -406 -103 -229 -232 481 45 -341 76 -233 -51 -4 -159 -385 -313 -60 279 -458 344 -261 -274 247 -108 -399 -442 -37 -200
467 -332 -455 56 -11 -478 -88 -191 306 433 -368 -386 -314 430 -211 -159 -298 -167 -264 -443 -45 296 141 402 -349 -214 -399 -326 -224 -256 -14 -6 263 -340 -448 -479
217 -408 -396 12 -255 -110 -468 -447 -500 -484 -450 -171 -123 -151 138 -390 -305 -148 -271
47 40 -149 -43 -396 -357 -445 -477 302 -233 -168 -118 -296 -482 -174 -474 348 -255 -466 -51 -391 -346 -451
95 -115 -351 -376 -109 -413 -410 443 -386 -146 -285 -183 -304 424 -223 -88 -307 423 -277 -227 -193 -343 -456 -172 -164
250 187 -171 -353 58 -42 -19 -492 -16 206 461 -336 18 -485 -360 -113 -136 -497 -211 123 11
397 316 -410 -492 470 -27 256 -355 179 -442 107 -19 302 -259 -240 -178 -458 -304 -408 -353 -425 -428 -450 -452 -106 -337 -345 -424 -251 -282
190 -378 -60 -445 -219 -305 -248 -239 -178 131 292 -467 -485 64 -231 -132 -215 -314 -384 -246 -271 -153 -61 288
395 -308 -228 -168 -97 -154 281 443 -303 -103 40 -177 -430 495 101 -478 105 -341 -388 -275 -465 -30 -371
335 288 -258 -86 -191 310 -317 -209 -148 -206 -90 -468 355 -19 -78 -455 -184 -181 -226 -252 -150 -490 40 -401 -463
106 -492 -192 -162 -264 -163 -217 -137 -407 341 -321 -169 -236 -493 -206 -459 -372 -395 481 -314 -161 -271 -213 -234 24 -99 116 -22 12 -391 -160 47 225 -315
92 -210 -166 -265 -443 403 -306 -409 -391 -360 -358 428 -251 -151 -2 -195 381 -35 -193 -75 413 -13 -219
263 -428 -132 -484 -114 -134 -361 -379 -264 -322 -33 -439 -328 -61 -88 -242 446 -482 -86 -477 246 -211 -192 -268 -307 -90 -341 -81
191 -436 441 -313 -9 -39 -431 398 -272 424 -470 463 317 -432 -228 -253 154 460 -311 -230 -182 304 -369 -316 -404 -279 -29 85 -37
120 -142 -382 -201 -472 -189 -149 -271 -230 -295 -487 255 -243 195 -421 -402 -493 -9 376 -104 326 263 72 -90 -478 -250 -14
44 -156 -30 18 -445 -331 -476 -150 -446 -11 101 -464 -98 -404 -385 -205 -74 -219 267 -357 413
170 112 -59 -452 -33 104 -183 -263 205 -310 -181 -368 130 129 -322 -285 -478 -282 -188 -449 -268 -110 -484 302 -148 -490
242 -57 -36 -37 266 -230 369 -25 -218 -440 -318 -379 17 -102 -153 -412 -461 -13 -43 -290 -65 -444 -463 -378 -468 -132 381 -215 -421 -122 470 -403 427
243 -133 -292 -165 -13 449 454 -282 173 -122 -193 -395 201 -101 237 -387 -258 379 -107 -445 -82 185 148 493 -234 -300 308 -439 -186 -53 -356
81 -280 -479 -56 -398 179 -493 -230 -111 -453 -326 -358 -312 -418 -18 -438 412 -313 426 -25 24 -183
424 -242 -129 -306 -369 219 -207 335 -295 -99 -42 -322 -82 474 -31 -61 -45 -365
21 -280 -38 -122 -64 -53 -210 498 77 -415 -56 -233 -234 201 -259 -474 12 -362 -289 -489
97 -268 -256 3 329 -157 -229 -93 -348 206 -345 -189 -469 54 -70 389 -305 -105
129 -10 300 371 -271 -102 -84 -419 -159 -349 -237 -231 253 -295 -375 -281 -454 87 -490 -98 314 -430 -11 -307 -90 -298 -356 -2 -415
168 -383 -108 -413 -84 -329 174 467 -491 -424 -18 -351 358 -484 -181 -371 -248 -196 -284 -215 -381 -162 -77 -253 -124 -61 -220 -430 -488 -9 -431 -106 -204 -110 -367 -412 -131
22 -309 -371 -222 -76 -172 -471 188 -306 -15 -352 84 -375 -161 -241 -119 -190 143 -17 -106 -340 115 -464 131 288 -279 -120 -46 -396 48 -19 -441 -6 -310
370 -240 -28 152 -374 -49 -468 -19 -264 -204 -109 -27 -352 -126 336 -180 -79 199 -145 -153 351 -65 392 -22 -266 360 -248
225 115 -67 -89 -91 -1 -231 388 -429 -405 -345 -103 -69 143 -42 -140 -17 -351 -355 -230 -340 -113 -36 -126 -304 -209
390 -105 338 -412 -374 -312 -95 20 -332 -215 -451 -435 -384 -170 -343 -310 144 -402 -110 -118 -336 -12 -80 -443 -381
264 -180 -351 -57 -360 -143 370 -135 281 -364 -234 -25 -438 -87 375 -398 -457 40 -102 -14 -182 -100 -326 -447 -242 -79 -258 386
314 -171 -428 -125 -297 274 -90 -163 -458 -128 -116 -110 -437 -473 -148 -402 -393 -499 -269 -479 -260 -22 112 -154 115 280 -138
95 -121 -231 -388 -87 -389 -461 -77 -347 226 431 -309 450 -205 -449 -454 -191 -162 -128 -484 -25 -55 -78 -173 -12 -34
477 -411 184 -116 58 -96 -111 -264 -490 100 -102 366 -23 -460 -402 10 89 -266 144 -472
46 -348 -358 -401 -500 208 -278 -74 -402 367 -92 -86 -277 -244 -156 -84 -97 -432
126 75 -81 -376 103 96 157 -319 318 -13 -284 45 -208 -112 -129 414 -124 -470 -176 -421 -29 485 -6 -487 -484
304 -179 -241 398 -167 -57 193 -487 -323 -393 -343 311 -413 -230 -229 -207 -484 -354 -449 -251 289 -477 -195 -315
161 -477 -291 -220 -302 -398 -233 -405 -239 -32 497 178 -230 249 -375 49 -317 -66 -65 88 -262 -128 -358 -354
195 -316 -119 -122 217 -24 -27 117 -239 -315 -336 268 -211 488 424 -289 -269 -77 436 -401 118 -492
18 -404 -10 202 -308 -73 -275 -314 -201 -92 238 -113 -94 -464 -100 465 -429 -172 -59 -183 -169 218 -460 -445 -30 -288 -295 482 -309
261 -122 -78 -392 -367 -218 -219 121 -95 -50 -40 -164 -175 -15 -358 -325 -101 -305 324 -222 -435 233 -277 -355
400 -375 -51 -411 -482 -241 266 -10 -223 -131 -245 -65 -397 -348 -126 -423 -152 -458 -165 -472 -420 382 -32 323 162 308 427
249 254 -264 -398 296 416 -120 -64 431 -376 427 -93 -6 -188 -305 -55 -297 338 94 -138 -235 452 -103 -200 -244
11 -116 363 -251 -349 -228 -341 393 -51 -123 -183 -195 274 -316 -259 -179 -264 -149 -49 470 -66 -156 -97 29 -404 -215 -188 -238 -170 -460 232 -158 -86
45 262 -367 -356 489 -130 -219 -31 -209 -83 -99 38 -485 -131 -28 -59 -19 -237 -300 -390 -361 -372 -206 25 -346 -387 -431 -55 -52 -118 314 -75 -243
323 -169 -422 -217 -103 -54 -309 -321 -161 -82 -102 -263 -412 -337 198 166 247
107 -145 -383 -497 -390 167 -84 -210 -393 -19 -398 -308 -373 465 292 -280 -304 -461 -202 -346 -365 -357 -86 -152 -272 -185 -69 -401 -34 -413 289 -285 -162 -453 117 276 -138
445 -181 -316 -461 -162 -306 -123 -452 -213 -182 -282 411 -462 -1 335 -44 -327 -330 -86 196 -175
278 -425 -265 -491 100 -64 -360 47 -239 -250 -219 -301 53 -125 -101 -195
134 -235 -250 -209 -410 -476 172 -441 -351 -2 -45 467 -23 -284 -160 483 -155 -287 -153 -246 -427 -452 -226 -193 333 381 -70 -122 275 -306 -357
468 291 -76 -199 110 -347 -27 -333 -55 -135 -486 371 -113 -3 -492 387 -300 -229 -220 -324 -119 -63 129 -335 -454 368 -477 -459 -202
308 -408 -445 -56 108 -213 -94 -295 -455 -13 -352 -45 -207 -135 -477
315 -429 -446 -139 -16 -302 -305 -491 -126 -195 172 382 490 -370 -53 -260 -335 -472 -152
286 358 -176 -105 110 -490 -337 -426 448 345 -285 -234 -436 -123 323 -62 -441 -7 -269 -55 -474 -160 -298
373 -438 -394 -176 123 -47 -328 152 -375 382 321 -142 -258 -268 -67 419 46 -242 334 -213 -62 -428 -260
145 204 -482 -391 91 -272 -52 288 364 -123 -77 -283 -265 385 446 -3 113 -290 -370 103 -168 -408 -191 -322 -374 355 -11 185 -114
103 -245 -336 -191 -265 -370 -259 254 -305 -188 -204 -45 -94 -250 -89 -316 -378 -432
413 -351 -236 221 -372 -56 -475 -363 -33 -218 195 -48 379 -322 -182 -180 -213 -398 -265 -340 -431 -217 -348 -241 -154 -85 -132 -65
43 -496 -65 203 -14 -120 -332 -227 -372 -299 -85 -55 464 -280 -72 484 57 -53 -59 436 -361 -69 -95 -389 -233
102 -283 -301 -40 -249 -280 281 388 -217 -489 -18 -488 -129 -310 -389 435 -130 -95 -457 -381 -33
280 -226 -220 -213 -437 25 -157 -375 -13 -474 350 -482 -191 -320 -87 -133 -283 -206 -407 -41 493 62 -413 389 -170 164 -382 319 -149
32 -118 -374 -447 392 194 -124 394 -398 -290 -139 -453 -445 -418 172 3 -205 -400 -222 500 -229
472 -357 268 -153 -486 333 -150 -390 -336 453 -252 -1 -11 -371 -298 -429 246 174 -395 206 368 -456 -317
180 113 -437 -370 109 -166 -188 -94 -135 -200 -35 -341 461 319 -420 -108 -150 -179 -435 -482 323 -392 -33 -126 91
356 -61 -348 -256 -442 -32 -122 128 -213 -130 112 -259 -66 -373 -248 102 -381 -332 -67
239 -310 -483 -214 -233 -323 490 -152 69 -14 -353 -149 -100 -133 -385 -223 -200 -487 -320 -127 -384 -444 -466 44 -212 -354 -58 -284 -194 -161 -33
111 -300 396 -462 -378 129 -400 368 -57 -5 170 -245 -392 -95 -303 -381 -55 77 26 -302 -1 -296 -493 -101 193
421 -481 -302 7 223 -200 -445 -189 446 -243 -330 -6 -161 -95 -145 -362 -286 -151 -367 54 -393 -128 -70 -371 130 -154 -167 -361 -394 -170 270 -479
427 -368 275 -432 445 -247 -246 -500 -237 -343 408 53 -138 -21 -223 -28 -56 459 -386 -51 -15
142 -171 -47 -199 -60 258 -223 -313 -117 -214 -50 -262 -108 -481 -136 -54 -41 -329 288 -141 -130 -209 -368 -304 436 -401 -3
294 -314 -71 -262 -232 78 -280 -117 -321 206 330 -347 -184 -159 -253 -104 -481 -300 -34 -192 -205 -246 -366 -8 -3 -305 -58 -36 -259 299 -80 -97
116 -43 358 298 -88 -154 -91 -433 -290 170 -264 -175 -352 25 272 -414 235 -422 -381 -62
419 -60 -78 -388 -282 -177 -134 160 -231 -86 -333 -468 -26 123 489 -309 -34 -439 -248 -65 -114 -263 92 -106 -466 45 -428 -88 329 -184 -265 -69 -112 -4 12
167 -178 -428 -16 -97 477 -158 -350 -33 -71 -224 112 -69 -432 -214 234 -325 -358 -300 330 -408 -265 -99 -262 -299
221 -161 -117 -28 -406 -303 487 -252 69 -151 -67 360 -180 -235 -30 -348 11 -444 -210 47 -499 -387 -474 -462 -184 -79
293 -93 270 -443 86 -426 -449 406 -409 -337 -112 -97 213 497 -60 -389 -396 83 -272 -310 -333 -287 -316 269 -308 387 362 244
240 -246 -460 -125 315 347 -279 -276 483 -492 -299 -344 -88 180 -429 -255 -127 -114 -51 354 -177 150 -319 -361 -372 -454 -328 -383 -334
198 282 -312 -5 -471 -336 -374 156 395 -1 -418 -355 -176 -240 -322 -184 255 -425 -105 260 351 -343 9 -359 -492
96 295 93 -309 451 -66 -196 -22 -152 -145 307 -372 -498 -351 -4 -128 19 -396 -20 -101 -144 -226 -250
205 -153 -96 -90 -133 -164 426 -54 -230 -123 496 -38 37 -433 -411 -371 -157 -279 -275 160 347 -456 -414 -47
118 285 -225 -437 398 -453 -244 -198 -338 -249 459 -264 -195 -233 -19 -215 -493 -466 -27 -71 -382 -115
461 -417 199 -120 -423 -52 -357 -205 -330 -194 -149 -89 426 -7 -497 -18 -141 410 -285 160 175 36 -414 -176 -271 -499 252 -419
241 -124 -375 -141 -378 -194 -23 447 -204 -192 -112 261 -413 -366 -202 -110 -283 -352
282 -64 -70 243 -482 -215 -268 -493 66 161 -5 -433 99 274 -195 -80 -467 -16 -218 -19 -500 -170 -384 -108 -171 -241
398 -383 -293 -475 -347 -40 268 467 -75 -101 -453 209 -158 -389 292 89 -170 -212 -53 -67 -319 -69 -47 -157 264 -34 315 468 332 -65 -183 -188 117 291 -248
249 -155 163 -282 -110 168 483 -240 -241 -350 -382 -418 -39 -187 -114 -315 -329 -68 -140 -64 -464 -304 -192 -27 14
299 131 17 -230 -166 -87 -301 -258 261 -287 -1 -433 -224 -179 -124 -460
288 -110 356 480 -125 263 -27 212 284 -40 -307 16 -177 -369 -253 -222 462 -85 -44
466 -343 -241 460 -253 -441 360 -60 -437 -433 -132 456 -20 -286 -140 -49 -500 -472 -427 -459 409 285 -146 -404 -266 -485 -358 -1
9 -47 -382 -206 -155 -171 -63 -366 -268 -270 -54 -353 -343 -44 -93 -46 -184 -168 -172 22 -377 -431 -159 -282
335 -431 -367 -455 300 346 -149 -67 -311 -102 -363 451 -210 -237 -315 -192 -73 -287 -40 -269 -266 495 -354 -448 -167 -231 -201 -158 -298 473
329 480 -131 474 67 197 -6 -417 388 -156 -220 -228 317 378 -12 -91 -242 -150 -293 -402 -49 -266 -7 80 277 -384 -230 -171 -32 55 -328
393 -38 -499 -67 -199 -231 -55 -401 -22 -385 -360 -342 -36 -287 -332 -491 75 -420 -338 -418
314 -174 -117 -36 -293 -389 -482 -267 350 -324 -493 -477 -52 -383 -38 -268 -427 -496 -65 -355 -155 -222 407 -372 -378
448 211 -265 -179 -356 -72 -231 -258 -255 -82 -238 -15 -320 -415 -369
151 -24 -234 429 -378 123 -167 -83 -242 -165 76 484 -93 -347 -377 -195 -285 -175 -458 -331 -289 -119 -176 -493 -432 -468 256
8 -84 -175 -127 301 -347 -80 462 -432 -417 -404 -383 -425 -460 -287 -28 186 262 -210 -91
451 -88 -181 -424 383 406 -157 -282 -324 -209 -10 -398 -95 -448 -339 -326 -438 -257 -444 -356 -320 -309 -272 -283 -255
472 227 -395 -491 -236 -342 -166 -299 -481 -430 -266 -445 -494 120 -202 -397 -133 -135 -216 -436 -79 -363 -474 -235 -68 -58
279 81 -23 293 -234 -239 -335 315 -70 -6 -121 -2 -170 -194 -403 -465 -111 -125 -89 29 187 -398 -383 -1 278 -88 -47 -93 -254 424
402 -270 -274 -6 -80 -181 346 -140 231 393 -353 -406 200 419 482 -366 -126 -137 -291 -151 -3 97 -69 135 -55 -105 89 -138 -294 -358 -103 -499 -394 -265 -67
328 370 -227 -143 -326 314 -309 -85 -250 -353 -97 -369 -461 -159 -455 -387 -173 -87 -181 386 -209 -394 251 194 -378 -342 -104 -192 92 -377 -240 270 -417 -34 -343
488 -379 -357 -175 -407 -178 -55 -101 23 -429 474 -385 -184 -294 -236 -459 -331 -113 198 -11
443 -194 -82 -198 -367 -416 -368 -274 114 237 -415 480 -212 -491 175 -230
239 -452 -373 403 364 -281 -146 -102 -37 -134 -209 -280 -341 -156 -277 -495 -321 -410 -93
304 9 -52 -41 -43 -430 -357 -2 -342 -479 -445 -134 -425 -420 -131 466 -346 -146 -73 -244 -158 -469 -175 -33 -350
42 492 -306 -203 -478 -250 -403 -71 274 -97 -119 -299 -48 -378 26 -120 -217 -52 -271 -401 -73 -326 -212 -386 -377 -334
447 -183 145 -142 -420 -246 -433 -468 -286 383 -370 -287 -303 109 -49 189 -209 -258 -459 35 -225 137 -458 -310 172 -321
331 -107 201 -280 -439 -257 -12 351 -111 79 -324 -34 -116 340 50 -72 -322 -393 -130 -329 -232
174 -288 -400 -71 -263 -284 -387 -7 -14 -274 -242 -64 -147 241 -65 168 -136 -105 -228 -483 -394 -134 -145 -188 -423
329 -390 -2 -200 -426 250 -222 -300 -234 -18 -409 259 -175 130 -228 335 -160 36 211 -10
288 -500 -188 443 -209 -265 67 -75 437 -119 -99 -429 -63 -253 -268 -157 -373 -292 -284 -31 -393 -238
488 -109 -182 158 -234 160 -466 -293 -128 -483 -411 -489 185 -25 -408 -457 -241 -271 -189 -358 -464 263 -305 232 -499 -105 -62 3
67 -279 -427 -360 -342 -86 -58 -159 -188 -448 290 -474 -14 82 -491 -15 -333 -170 199 240 16 -147 -202 -143 -305 -195 -228 -497 -263 -321
387 -301 44 -300 203 -97 331 -386 232 -356 -69 -2 -129 -140 -453 351 -80 -414 -16 -57 -484 -460 -190 494 -175 -229 -287
252 -432 -285 -403 -300 -110 -218 -272 -345 -274 -12 -5 -182 382 -199 319 -333 -458 324 -235 203 245
449 -349 6 374 -392 -423 41 -451 -260 -400 -111 -210 -269 -94 -206 -373 169 -324 -382 -45 -242
224 -288 -337 -94 -487 -144 211 -145 -391 -448 166 -158 -433 286 -491 -65 -413 -419 74 -494 -99 -475 -260 -245 461 38 -91 -472 -137 -400
38 -215 367 -174 -314 -175 -487 -337 -31 -93 -301 -306 -426 -183 55 397 403 -116 398 -219 -127 -274
144 -343 -239 -243 -427 -94 -467 249 -216 -1 337 171 59 -164 452 276 -424 -455 -97 -95 -323 436 133 -299 -296 -244
321 -168 -210 449 -196 -483 -55 -71 357 -124 -264 -441 -82 -235 -156 -394 -298 -307 -495 372 185 -422 -293 -213 -96 -435 -133 362 215 -160 -140 -217 -99 -83 -129
37 -86 -306 42 -12 193 -71 -119 85 -127 -221 -207 -266 -476 -40 -200 -303 -210 -422 -471 -189 87 -38 -457 259 -477 -467 254
401 -488 -410 -256 -147 -285 -142 428 -290 -375 -382 88 -408 -486 162 -138 -497 -299 -343 -292
114 -20 -78 383 -105 -216 -335 -10 -206 -283 -496 -475 15 -486 31 -235 -248 -262 -321 -488 -60
349 403 -22 103 -165 -263 -297 500 458 -469 -468 -237 -393 99 -445 -246 -455 -431 125
77 -445 -471 448 -394 -236 409 -450 -108 -298 378 -34 -291 -95 -207 -218 390 -327 -220 -53 -357
124 -129 -248 -263 -414 -339 -484 -349 -393 -303 -476 -281 -132 -160 382 -460 -413 120 -304 -429 -58 -443 -363 -26 351 157 -34
448 476 198 -84 498 -13 -345 -105 -208 -4 -378 -313 -469 -15 -406 -486 309 -163 -33 -252 191 101 -90 478
310 -118 -391 -348 -487 -273 -455 -211 -361 -342 -214 382 -319 -379 -486 -311 -294 -64 -280 148 -178 86 -388 24
430 167 -101 -158 -363 214 -405 -115 24 -179 493 -239 -379 -175 -498 -343 -225 -241 -165
445 -109 -352 -264 407 107 -348 90 -42 -188 -494 -126 -391 -131 108 -463 -89 -187 52 -201 371 329 73
488 -63 -413 -126 -99 -79 -480 -40 -269 -341 -358 291 -252 -60 -116 -333 -110 -389 138 -213 -35 88 -196 107 -238 -493 -128 -150
424 -319 -333 391 316 -99 -222 -412 393 -116 -475 -130 192 240 -2 388 -75 -331 -46 -339
45 -28 -137 -394 -457 -102 -187 -483 -283 -221 -402 -60 -444 -318 -355 216 -100 250 263 447 -385 -144 -153 461 -56 223 -87 -418
243 -156 -374 -397 -325 -1 -206 -175 -194 -67 -100 -317 -247 -476 -387 -263 -451 143 -5 -446 -28 -297 -249 -234 -276
303 -229 -479 -341 -99 -367 21 223 493 -403 -384 475 -458 -175 429 387 -186 184 -466 -463 17 -472 -192
16 -320 -151 -358 -377 -153 -223 -146 -89 170 -283 -469 -490 -88
370 -49 401 -428 196 -348 -235 -253 456 -120 -220 -44 -391 479 -333 470 -327 -474 -371 -409 -166 -75 -320 -132 -386 -410 -191 -76 -37
423 -328 -480 -116 279 -470 305 -350 293 -2 -329 -90 -244 -28 191 -374 331 -166 -72 -128 -14 -249 -303 406 473
237 -177 -288 -198 -480 -306 -117 -386 -355 -217 -265 8 181 -148 -238 487 -478 -257 176 -276
18 -32 -418 -4 233 -176 -393 -258 -485 -34 -452 115 -446 31 -339 -299 -73 -336 42 -491 -343 48 120 3 439 -91 -43 -99 -64 -199 -240 -192 254 -468 -180 -306
331 441 -96 4 -378 -440 -80 -425 133 -100 288 -215 13 -6 361 468 -124 -470 -170 324 -352 -112 333 -50 -491 -349 -367 -256 488 -143 -398
60 409 -252 151 -492 -459 -220 -137 -305 -435 -289 -23 -487 -75 -190 -203 -87 100 -393 -20 -432 36 -310 -10 -360 -381
477 210 -294 -414 -377 -271 194 500 -187 299 -7 -292 -368 -193 -206 -156 -356 -132 -149 -290 -160 -58 224 -482 -43 -288 -444 318 -468
242 -433 -143 -225 211 437 -382 -229 -341 -48 -59 -429 -498 -114 -314 -481 -47 -104 -384 -110 -35 -201 -334 -360 -448 -305
326 427 -297 -495 403 -332 -272 -432 -198 339 23 470 239 -333 -498 -309 -150 -209 -223 -148 -471 -170
423 -17 -406 -415 -355 -101 380 -341 -137 124 -482 -45 -276 -383 -212 112 -229 -131 -357 -13 -424 -483 -385 -372 -151 -198 -94
486 -169 -87 157 -397 -275 -82 14 -438 111 -348 -456 192 -410 -372 483 19 -27 206 42 -460 -20 -236 -304 359
133 -222 -1 -18 -345 -418 -204 -3 -223 7 -308 -387 239 -159 137 -494 -431 -198 -63 -258 235 337 -74 -46 381
499 -67 -333 -308 -209 194 -466 -106 -242 392 -176 -494 -193 -66 112 -196 -444 -349 -309 -125 -369 35
298 -343 421 -188 -479 -26 -407 -146 -288 -483 -266 -215 -441 -395 -201 -426 152 -182 -277
109 -468 -302 -218 -242 -430 255 -422 -452 -2 -451 185 209 -159 -413 -269 -155 -377 -469 -127 -286 -20 -351
366 -238 -275 -286 -290 -217 -148 -156 -289 -469 -40 -479 -186 -227 -116 -143 -202 -127 -408 14 467 -67 -62 239 -440 426 -433
228 -202 -193 -44 -488 -490 -20 -308 -96 -145 -46 325 -24 -170 -397 -420 -327 -63 -6 -256 -321 403 -468
424 407 -336 -319 -267 301 -478 52 -168 -148 369 -292 -59 -131 -83 -479 357 -436 -274 -76 -387 -195 -284 -85 -299
317 426 -451 -9 48 -234 -127 -303 -193 -73 -414 -13 -365 -406 170 -448 403 -402 -263 -99 -307 -455 255 -116 -289
144 -260 -211 24 -293 -120 50 -200 -418 -92 490 -169 -27 137 -155 -321 461 -384 -156 -334 -263 -28 -348 -221 -207 -319 332 -197 -390
377 239 -291 -308 -426 -275 -499 206 -234 -225 260 -42 84 -226 427 -333 -307 -236 -262 -453 -158 -112 -89 -79 29 -481 -309 336 -175 -241 -150
383 -457 -345 -434 -465 -113 -346 -475 -366 -324 -73 -405 -8 33 -44 43 -170 -289 -340 -305 -440 -424 -373 49 -415 -175 220 -212 -473 -454 -216
302 -285 114 -452 301 -304 14 -500 -453 425 265 -337 -444 -372 -380 -272 -52 -127 -24 -132 -477 -59 -78 -76 -196 -204 -457 247 -400 -171
489 -391 -136 -240 -192 166 -497 -466 -227 -239 147 -204 406 -412 -306 -275 -386 480 450 -303 -214 -71 418 72 62 -10 -233 -172 -495 499 -416 -47 183 -491 -98 366 -243
252 391 -212 45 -185 -113 107 -207 -272 -195 -378 -355 -368 -163 -428 -268 -442 -264 -170 -356 -247 -316 19 -305 -237 371 -200 -323 -189 -101
312 -384 -296 -320 -468 -242 -336 -211 485 -393 -163 111 -387 141 -307 -243 -216 -233 -231 -356 -407 235 -185 129 -403 -204 -245 -206 -151 -171 -62 -158 -332 -269
326 -66 55 -442 -299 411 423 304 -70 -157 348 -482 -487 -292 67 183 -192 -425 333 -8 124 74 -332 -210 -36 -351 -110 -160 -431 -200 -346
378 -448 -277 -67 -122 -400 -336 194 -228 403 -106 276 197 -328 -232 431 -213 -413 -84 301
82 -350 -166 244 -241 -492 -23 -115 -286 -298 -469 -5 -75 -487 -123 -211 -262 -312 -420 -330 -348 -47 -151 333 -451 -199 -146 -24 1
197 -58 303 -330 -386 -203 80 -137 -230 -242 -208 -497 -164 485 -221 -344 -218 -75 -449 -278 -356 173 362 -216 -414 -220 241 -379
228 363 -293 -386 -434 -331 -431 -401 170 -414 -91 -160 127 408 -349 -69 -38 -391 32 -366 -82 70 -281 -348 -198 -192
85 -122 -285 409 -134 55 -120 163 -208 -232 -371 -27 -111 339 277 13 -135 -231 -98 -289 500 265 -397 -143 -418
157 -487 -328 -88 -415 -3 -186 -249 -128 -168 418 203 -231 -40 -299 -116 461 341 -386 -208 -360 -246 -294 426 -307 -381 -185 158 -149 -387
270 -485 -306 -347 267 117 -133 -381 -113 253 -325 -369 -463 -177 76 11 -245 21 -453 -199 450 -115
167 -179 415 -13 -442 -450 -234 -477 416 -470 -431 59 -463 -98 -469 -46 -299 -424
39 143 -236 -423 328 -119 -330 -66 -431 -212 21 287 411 -352 -367 -375 -306 -343 -234 -348 -220 461 329 -315 -255 -468 -448 -217 -130 131 -387 -407 -101 -324 -269
344 -467 -349 -164 -379 -56 -216 -220 -120 -386 -89 -200 -55 -488 -11 -99 -119 -383 -213 -448 -98 -411 -103
454 -183 -383 -35 -435 -339 -247 444 -215 -452 -269 -83 60 -246 -371 -413 -210 90 -311 -356 -347 189 -479 -349
477 -368 -286 -90 -274 382 -32 171 -58 51 -355 475 84 -214 -98 -104 -220 -57 -446 -454 -443 -156 -298 -428 -460 -42 -95 -404 387 -427 122 126
407 -94 439 290 -116 -14 -365 -245 -427 -31 -215 -143 -417 -271 469 20 -81 -350 -138 -340 -210 75 -474 -167 -442 -107 -234
107 320 -128 -328 369 -367 -249 316 -409 -20 -304 462 -122 -374 -392 -12 189 -170 -212 -63
123 -406 318 -443 -132 -158 -270 -353 -71 -127 -3 -276 -253 -358 -125 -7 -129 10 -190 -417 -466 -433
465 99 -137 -121 -110 -10 -310 -46 -243 -59 -301 -133 -139 -276 -179 -119 -145 -231 -16 426
418 -223 310 -45 -436 -212 -309 337 -203 -233 -351 -188 -202 -205 -270 -434 -236 -72 -56 -440 -401 -1 421 75 -319
37 -251 -333 -252 428 494 389 -3 -39 -138 -136 -178 -186 -438 -447 -242 -48
49 -27 -184 -228 -102 -216 -233 400 -430 -95 -442 -378 122 -119 -302 -14 97 -88 -392 72 -366 -426 -316
239 72 57 -38 96 87 -222 -20 -478 -290 -86 -174 416 408 -49 -432 374 -336 251 18 -484 -192
433 229 -68 461 -467 -371 -48 96 -13 -77 -438 -449 -44 -53 -389 -247 272 -97 -117 -163 -11 -139 -184 -5 -217 462 324 -227
150 -211 -23 -469 -147 -449 154 -36 329 -407 -458 -96 -231 282 -165 475 9 -200
277 -280 -455 -92 -178 -113 16 -358 -26 -407 14 -381 -289 -315 -290 -412 -32 -466 -10 -64 -343
415 -102 290 -232 -209 -461 -273 484 -87 -106 -326 -140 -316 27 -203 242 13 -241 57 -332 -21 -239 -191
204 -380 -235 -440 -119 -112 -103 -85 -15 -487 -209 -159 -477 37 -394 -66 -239 -476 21 479 -497 -70 -31 -207 -373 -72 143 -324 -233
132 -138 244 -40 -438 130 375 498 -6 -127 -189 195 -41 -408 -53 84 -221 -214 -184 -91 -430 -470 -344 -434 -272 114
493 246 -492 -214 -284 -371 320 -1 260 -120 -173 -212 -324 -46 114 -121 293 365 33 -195 -252 -435 -247 -143 -482 -409 -290 -363 -410
483 -361 -143 -287 -164 -494 -422 -389 -488 485 -492 -192 -134 -431 -196 -499 -112 -440 -45 281 -265
202 130 -372 -466 -352 -63 -480 -122 -315 -75 -395 -31 -118 -182 -370 -287 -482 -142 -297 221 -493 -2 -178 -50 -18 -340 3
237 294 -35 -328 477 -96 -63 -398 -129 -271 -1 67 -71 121 -135 -152 -321 65 -149 397 170 249 -417 -213 -370 -18 -348 -51 -26 -459
482 473 -34 -102 -484 -66 -141 -28 -12 -304 -323 -336 -379 -171 -203 -285 -193 -405 -13 -97 -70 -411 -260 -142 -272 -372 -35 -128 -147 -265 11 -409 -226
29 -175 -188 133 -12 -153 -88 -336 190 -27 491 -338 141 -200 368
399 -402 -37 -300 -44 -433 485 -121 -346 -473 -488 151 -80 -475 -311 125 -321 -49
30 456 -200 -202 221 -430 -359 -308 159 -131 -263 -108 -491 -291 -318 -397 -109 118 -331 -416 -459 -236 377 -281 -64 -267 344 -121 -146 24 -492 -451
246 122 -457 -280 -28 -188 -362 -439 -230 -157 -71 392 -121 -389 100 263 -461 -161 -340
357 -316 -97 42 289 -56 -310 -278 -329 331 -375 9 -477 -317 -41 -327 430 -280 -440 -425 -312
272 -260 241 -239 -461 426 -55 286 -99 -288 -431 -250 443 -331 -310 383 -1 -225 -68 -329 -77 -166 -62 52 -198 -468 -156 -135 482 -417
166 -451 -148 -112 392 -325 -377 -264 484 454 -267 -356 -461 -108 270 416 -308 -337 -355 -323 -163 424 21 290
387 -234 -226 15 -61 -301 -257 -351 -303 -399 382 -202 -24 -18 319 -22 -32 418 -166 -84 -334 108 -286 -245 -449 -258 -162 -475
151 -367 -133 -26 99 -430 37 -97 104 -67 397 -419 424 -356 -350 -357 94 -208 -130 -415 -75 -223 -170 -441 -433 -146 -351 83 -301
64 -210 -261 -37 -244 -482 -343 -286 -433 -309 -217 357 -292 -376 -336 449 -48 480 -62 153 -491 -199
296 -132 -433 -234 205 -496 -453 -322 -58 218 -243 -266 -373 -11 -424 -194 -197 -137 -393 -91 -422 -329 -446 159 -114 231 -88 -153 -136
151 -484 -200 -86 -430 157 -213 -418 -337 100 -416 -181 -118 -394 -8 476 423 -129 -456 -6 -360 -58 -382 -77 -218
256 -341 -23 -55 -71 -239 -446 209 -442 -263 405 319 -488 111 -337 -67 -408 -396 -424 -249 -293 -252
332 -282 -241 114 -349 -130 -405 -174 194 -280 -374 -249 -354 -161 221 -24 -101
393 51 -320 -345 -426 436 -331 278 -431 -228 -349 -380 -364 -328 -476 -469 -291 -179 -40 -285 -459 -216 -456 -494 121 -417 -218 -484 -473 -449 -267 -106 -208 478 -299 -189
170 -197 314 -313 -64 -320 -481 431 -451 256 -130 -127 63 -267 -499 -204 -13 -468 -331 -116 18 422 -217 196 -321 -442
400 -177 -67 -26 -230 99 -252 -330 316 18 -264 -117 -141 -258 -91 -355 162 -89 -415 -235 -156 -46 -457 -412 -429 -296 419
407 -440 -202 -70 -130 -145 -378 -331 386 -249 -173 -499 495 -191 -210 218 -348 217 76 -321 -53 -212 -469
380 239 -22 -415 -10 -284 -340 -4 -278 -241 -163 67 -224 -316 -94 494 -338 -71 -46 -477 -195 -483 -120
110 -48 -379 -235 -413 -230 371 -28 401 -204 -269 240 -365 237 -76 -72 -343 -363 142 461 -132 -203 -68 378 -331
324 -193 -34 -37 -325 -116 -445 -59 373 -223 -341 -339 278 -464 -285 326 218 -246 304 -74 -365 -114 -149
378 -253 -314 -478 -264 -305 4 -373 -181 3 -22 -169 -443 422 47 -155 -171 -323 -364 -90 -232 -162 -250 448 -278 -174
390 263 -483 -386 -211 -11 -359 -487 -81 215 51 132 -329 -488 -42 -309 -452 -253 -303 -178 -305 -5
332 -53 441 -184 -331 -322 26 207 -3 -391 -368 -136 451 -343 -244 -360 411 -434 -174 -185 -301
221 -267 430 -391 72 291 -91 500 -194 173 -66 -5 -488 -131 -308 -216 -65 -15 311 197 -400 23
345 -17 -211 -341 -14 -499 -27 -477 -444 216 -240 -287 -481 -317 -176 -179 -169 286 -236 -171 -10 -362 -93 -21
277 -430 -295 -381 -246 -114 394 -8 -421 -263 -36 267 -173 -301 228 353 -16 -247 -427 -365 339 -322 -130 -236 -332 200 45 -366
58 -373 -3 147 447 28 -377 -482 -68 -334 -442 -434 -456 -293 -108 -429 -74 296
243 -225 -222 293 307 -376 -223 -395 -253 418 -358 -349 -382 -294 -351 -488 -201 -456 -265 -314 -401 -171 6 305 -478 -75 -208 204 -12 -476 54 -442
277 -76 -105 -473 -127 -30 -265 -360 -452 -288 367 -341 -8 -462 -217 302 -447 423 -456 36 -152 -80 198 494 -340 222 -233 -285 -434 -380 389 -449 -165 -46 -283 -353 -35 -263 -71 -318
7 -139 -212 227 -119 -193 -85 -148 -86 -352 428 -121 -399 -28 -269 -134 -6 -215 -42 396 -478 -305 -361 -37 499 -279
81 -48 -291 -200 -79 -336 -303 -353 -278 -108 -429 -29 462 -345 -116 -118 -225 -37 -3 -176 211 -332 155 -156 248 -32 -437 -206
66 -419 -368 -270 -302 156 -268 -79 -412 -30 487 -29 310 -284 -25 -152 -21 -328 427 -465
491 -192 -411 -356 -250 -474 374 -90 -446 -186 -307 -312 -161 -479 -196 -12 415 487
14 -33 -76 -323 -367 -376 -259 -447 -141 -472 -454 214 100 -145 -403 170 -92 -134 -251 -444 -38 -387 -199 -359 448 -102 90 -405
21 -84 -456 -496 -121 -416 -110 -244 489 -409 -66 -497 -438 -281 -211 -167 343 -423 -42 -263 -247 -322 8 -291
260 -249 -274 -305 -15 415 -101 -211 -409 -446 -122 -282 -425 225 -18 -165 -386 -61 148 181 365 -430 -125 -231
399 -463 -291 -315 -136 -193 -371 473 48 -438 -369 364 -469 -157 -493 293 -164 -234 -101 -184 -40 -278 -427 -68 -114 -149 -447 -65 -38 199 229 -294 -267
31 -344 -153 -203 -225 322 -280 150 -490 -26 -266 -170 -253 -376 -453 -213 -461 163 -334 -107 -143 -56 138 -444
405 -103 -198 83 -153 -302 330 -367 -312 -79 -299 421 -341 -115 -84 -272 -370 -36 3 -277 -212 -64 -41 -211 380 -301 -104 172 -219 -473 -216 -275 -476 -182 -62 -89 -228 -448
462 -399 375 -383 -179 -84 -30 -349 -259 270 -271 -288 471 12 -275 -320 -102 -374 -432 -487 416 -373
308 -369 -405 -63 79 -417 -46 -451 456 -140 87 -223 359 -225 -324 -21 -364 -220 -129 -360 -178
46 -90 -311 -101 -248 -183 -379 -286 255 -481 -234 131 304 -355 -349 -269 -385 340 -26 -412 -243 -283 -424
440 -110 -234 -361 284 -263 -426 -209 -57 -289 -243 -442 -20 -281 -194 -149 -138 -109 -224 388
233 -321 -188 -149 366 -410 -336 -402 -162 -363 456 -452 237 -57 -72 229 311 -157 -418 474 -422 -265 -355 -399 -387 -144
481 -346 -372 -422 -459 -321 -105 -134 -148 -453 86 -36 -260 -149 5 -112 286 -51 -464 -47 -57 -167 -135 -42 -277 -440 -3 447 -424 23 -363
115 280 -309 -214 459 -135 270 -43 -411 -175 -198 -443 -164 -336 -254 -154 -356 -467 -241 -127 -82 -162 383 -91 -361 223 -393 -206 484 -74 -397
243 -386 233 -105 500 -433 -56 -456 -174 -463 -473 148 -222 -345 -101 -189 10 -462 -303 -336 -354 -280 -143 279
165 -467 -320 -94 -216 -65 -96 -28 422 -261 -221 -350 -269 -408 -226 -183 -327 -64 -355 -16 -317 -387 -69 -73 -384 -231 27
395 -469 -497 -465 -284 208 -253 -337 33 -340 -260 -90 -426 -95 -110 -311 -486 32 -131 -232 -442 -11 -10 -352 -258
18 -459 -273 -474 351 -349 -500 -33 -244 -487 -355 -21 51 -10 -77 -472 -25 248 -304 -88 -465 -59 -433
417 447 345 70 -314 245 -74 -282 -56 -486 -388 164 -307 -373 -315 -252 -14 -288 -225 -470 -47 162 193 -215 -449 -455
68 -278 -33 -498 -433 -272 90 111 -487 319 237 -47 -60 -188 -228 -430 -216 -428 -62 194 -388 182 -439 -91 499 390
113 -157 -456 -335 -447 -211 -202 -339 -487 -427 -462 490 -311 268 -145 -310 221 -271 -420 267 -50 -371 366 -133 -152 -499 -438 -276 -119
256 -163 -41 -187 -114 168 -447 -326 -111 -229 174 427 67 17 -37 -112 -71 191 -58 -155 -443
212 -374 -463 33 -167 -243 -66 -449 -103 -18 -393 -301 442 34 -403 1 -486 191 -363 -188 -408 -46 -161 -53 -448 -182 -117 -206 -401
351 -459 -124 -397 185 -121 -414 -257 -103 -89 -28 -32 -275 -491 -476 -223 391 19 -321 -487 -330 -54 -446 -461 -327 -29 -363 -498
271 -147 -107 -61 -17 -311 -199 -400 -270 -409 -407 -341 -36 200 -58 -139 -226 -462 339 -224 274
371 474 445 -459 -433 -238 -223 -88 187 -172 -176 -124 -233 -397 -213 -82 -409 -117 -438 -44 -401 -309 -280 -231 50 -271 -72 125 -241 164 -96 -144 -290
302 172 -334 315 -111 -115 -217 -332 -268 -406 -483 -383 -21 -54 -160 -401 -418 -337 -171 -35 180 -481
494 -115 378 -8 -126 -144 222 -329 -15 123 -1 -424 -221 -444 -130 243 -58 -59 -352 -322 -355 323 -397 276 -173 294 306 -429
440 -340 -222 -115 -418 254 -407 -195 -488 -212 -380 -173 61 -157 -118 -210 -392 277 -342 -259 -264
223 264 -232 -128 343 -258 -27 -436 -104 -182 -224 -498 164 -68 70 -298 -111 -147 -240 325 -106 -432 -310 -13 -304 -318 -98
154 -416 -425 -151 -214 -499 -306 334 -21 -153 -394 -119 -486 -455 -130 -301 84 -407 -75 -310 426 -227 -110 -131 -87 -128 -98 -194 -97 164 -288 -280
281 -476 -436 -79 -338 -377 -292 -80 -435 -223 100 -309 -101 -177 -23 -167 -128 240 -302 -15 -454 -219 -393 -264 -353 -339 -207 -103 -340 -33 -392
469 -179 -49 -209 64 131 -435 -232 -235 -393 -201 -234 -316 -313 -133 -346 -439 -177 -335 -449 -290 -5 -271 -88 -361 -295
334 -170 -311 -198 -107 -112 -117 -417 -278 -307 -276 60 -66 -492 -382 -166 -197 -402 -163 -377 188 -4 -104 16
20 -233 171 -474 -289 -108 -484 -172 -118 -164 -299 277 -173 -209 -168 430 260 -406 -303 -160 -269 -431
494 465 -395 451 31 -423 -134 -45 400 -326 -168 -257 -391 -453 309 -74 -106 -303 -125 -495 -232 500 -261
411 -355 -113 -333 -7 -132 -373 -158 -403 -309 -263 -42 -284 -321 479 -193 -295 -300 -39 235 -378 178 -27 -128 -79 -330 -424 -451
31 -436 -69 -355 -29 188 -145 -4 154 -163 -81 -103 111 366 -361 374 -110 -73 -165 -497
42 -472 -57 -399 -396 -452 481 -46 -100 -180 -463 101 -283 -207 -373 -357 -400 -203 -185 303 -457 -23 -298 -37 -198 -343
106 147 -97 -306 -65 -327 -390 -273 -13 -463 -23 -193 -349 118 128 -434 78 -231
350 -193 -432 -176 -327 -345 -429 385 -271 -45 428 -234 -126 -192 -485 -25 -87 -247 -435 -455
403 -8 -50 -462 -103 219 -82 -143 -343 253 -460 -447 -273 -461 434 -7 191 386 -245 -277 -405 -69 -144 -41 -67 -361
456 -149 -340 -222 -6 -347 -396 -457 -427 49 -175 -48 -277 -166 -129 -241 -453 -439 47 -368 -356 -139 130 -273 -485
386 -121 -22 -318 110 -225 82 -284 -51 -315 431 -35 408 159 -435 -32 354 -31 -349 -490 -113 -492 -129 -81 -418 339 471 -184 65 -371 358 -340 -170 88 -289 -138
170 -131 -355 -138 -27 -344 382 -417 -53 -301 -458 -25 -19 -359 -430 -144 -339 -135 -265 -310 -485 157 -127 -324
226 -334 316 -125 144 151 -302 -437 -193 -400 -8 -204 -495 -251 -90 -221 -22 419 -455 124 259
260 -477 -102 413 -155 -251 -83 223 -69 -55 -312 -241 390 214 -295 -76 -59
360 -468 -235 -31 -256 202 -264 -130 -231 -13 -457 120 -370 -14 -367 474 -224 52 -483 416 -341 -182 -79 6 97
